417
420
456
449
407
424
504
403
461
383
505
271
507
599
369
425
503
438
569
465
443
453
431
569
490
368
385
461
441
468
433
415
412
461
431
438
491
441
402
473
587
459
413
438
464
381
385
457
397
435
458
366
475
461
414
416
386
435
380
433
383
447
413
443
417
382
479
433
639
380
422
613
412
487
452
410
441
430
409
395
432
455
434
487
451
451
447
426
416
558
432
419
451
383
567
442
397
443
463
442
423
271
645
438
569
489
465
456
511
419
231
605
467
431
569
457
395
448
493
468
559
462
434
438
487
449
128
438
491
473
486
459
415
464
633
639
408
435
453
383
453
447
398
481
476
466
418
475
482
484
433
634
609
546
410
642
605
455
568
368
470
454
461
433
431
433
449
473
395
441
581
598
