5.836674090571640772e-01
5.869339272457312351e-01
5.870824053452116109e-01
5.912397921306606907e-01
5.884187082405345492e-01
5.882702301410541734e-01
5.890126206384558305e-01
5.872308834446918757e-01
5.881217520415739086e-01
5.864884929472903297e-01
5.855976243504082968e-01
5.858945805493689374e-01
5.867854491462509703e-01
5.882702301410541734e-01
5.864884929472903297e-01
5.854491462509280320e-01
5.851521900519672803e-01
5.841128433556050936e-01
5.836674090571640772e-01
5.838158871566443420e-01
5.841128433556050936e-01
5.841128433556050936e-01
5.841128433556050936e-01
5.841128433556050936e-01
5.842613214550853584e-01
5.841128433556050936e-01
5.839643652561247178e-01
5.839643652561247178e-01
5.838158871566443420e-01
5.839643652561247178e-01
5.838158871566443420e-01
5.841128433556050936e-01
5.838158871566443420e-01
5.841128433556050936e-01
5.842613214550853584e-01
5.841128433556050936e-01
5.841128433556050936e-01
5.839643652561247178e-01
5.842613214550853584e-01
5.841128433556050936e-01
5.841128433556050936e-01
5.841128433556050936e-01
5.841128433556050936e-01
5.841128433556050936e-01
5.841128433556050936e-01
5.839643652561247178e-01
5.836674090571640772e-01
5.835189309576837013e-01
5.833704528582034365e-01
5.833704528582034365e-01
5.832219747587230607e-01
5.826280623608017795e-01
5.826280623608017795e-01
5.823311061618411388e-01
5.838158871566443420e-01
5.855976243504082968e-01
5.832219747587230607e-01
5.847067557535263749e-01
5.850037119524870155e-01
5.851521900519672803e-01
5.853006681514476561e-01
5.854491462509280320e-01
5.855976243504082968e-01
5.855976243504082968e-01
5.853006681514476561e-01
5.857461024498886726e-01
5.858945805493689374e-01
5.863400148478099538e-01
5.864884929472903297e-01
5.870824053452116109e-01
5.857461024498886726e-01
5.869339272457312351e-01
5.857461024498886726e-01
5.863400148478099538e-01
5.864884929472903297e-01
5.861915367483295780e-01
5.861915367483295780e-01
5.864884929472903297e-01
5.867854491462509703e-01
5.867854491462509703e-01
5.869339272457312351e-01
5.867854491462509703e-01
5.870824053452116109e-01
5.869339272457312351e-01
5.870824053452116109e-01
5.867854491462509703e-01
5.864884929472903297e-01
5.869339272457312351e-01
5.869339272457312351e-01
5.866369710467705945e-01
5.867854491462509703e-01
5.864884929472903297e-01
5.872308834446918757e-01
5.860430586488493132e-01
5.864884929472903297e-01
5.867854491462509703e-01
5.867854491462509703e-01
5.875278396436525163e-01
5.861915367483295780e-01
5.869339272457312351e-01
5.867854491462509703e-01
5.863400148478099538e-01
5.867854491462509703e-01
5.869339272457312351e-01
5.869339272457312351e-01
5.861915367483295780e-01
5.853006681514476561e-01
5.829250185597624201e-01
5.827765404602821553e-01
5.827765404602821553e-01
5.823311061618411388e-01
5.817371937639198576e-01
5.817371937639198576e-01
5.814402375649592170e-01
5.815887156644394818e-01
5.815887156644394818e-01
5.817371937639198576e-01
5.815887156644394818e-01
5.815887156644394818e-01
5.815887156644394818e-01
5.812917594654788411e-01
5.817371937639198576e-01
5.817371937639198576e-01
5.817371937639198576e-01
5.815887156644394818e-01
5.815887156644394818e-01
5.814402375649592170e-01
5.811432813659984653e-01
5.811432813659984653e-01
5.811432813659984653e-01
5.812917594654788411e-01
5.812917594654788411e-01
5.811432813659984653e-01
5.812917594654788411e-01
5.812917594654788411e-01
5.812917594654788411e-01
5.811432813659984653e-01
5.811432813659984653e-01
5.811432813659984653e-01
5.811432813659984653e-01
5.809948032665182005e-01
5.811432813659984653e-01
5.811432813659984653e-01
5.809948032665182005e-01
5.806978470675575599e-01
5.808463251670378247e-01
5.809948032665182005e-01
5.811432813659984653e-01
5.812917594654788411e-01
5.809948032665182005e-01
5.809948032665182005e-01
5.811432813659984653e-01
5.811432813659984653e-01
5.811432813659984653e-01
5.808463251670378247e-01
5.805493689680771841e-01
5.805493689680771841e-01
5.809948032665182005e-01
5.811432813659984653e-01
5.808463251670378247e-01
5.809948032665182005e-01
5.809948032665182005e-01
5.809948032665182005e-01
5.808463251670378247e-01
5.806978470675575599e-01
5.809948032665182005e-01
5.808463251670378247e-01
5.809948032665182005e-01
5.811432813659984653e-01
5.811432813659984653e-01
5.812917594654788411e-01
5.809948032665182005e-01
5.811432813659984653e-01
5.811432813659984653e-01
5.811432813659984653e-01
5.811432813659984653e-01
5.811432813659984653e-01
5.809948032665182005e-01
5.809948032665182005e-01
5.808463251670378247e-01
5.808463251670378247e-01
5.809948032665182005e-01
5.811432813659984653e-01
5.811432813659984653e-01
5.811432813659984653e-01
5.811432813659984653e-01
5.809948032665182005e-01
5.811432813659984653e-01
5.809948032665182005e-01
5.809948032665182005e-01
5.809948032665182005e-01
5.812917594654788411e-01
5.811432813659984653e-01
5.809948032665182005e-01
5.809948032665182005e-01
5.809948032665182005e-01
5.811432813659984653e-01
5.809948032665182005e-01
5.811432813659984653e-01
5.815887156644394818e-01
5.814402375649592170e-01
5.814402375649592170e-01
5.814402375649592170e-01
5.811432813659984653e-01
5.814402375649592170e-01
5.812917594654788411e-01
5.812917594654788411e-01
5.811432813659984653e-01
5.804008908685969192e-01
5.808463251670378247e-01
5.808463251670378247e-01
5.809948032665182005e-01
5.809948032665182005e-01
5.811432813659984653e-01
5.811432813659984653e-01
5.809948032665182005e-01
5.808463251670378247e-01
5.808463251670378247e-01
5.811432813659984653e-01
5.812917594654788411e-01
5.806978470675575599e-01
5.811432813659984653e-01
5.812917594654788411e-01
5.811432813659984653e-01
5.811432813659984653e-01
5.809948032665182005e-01
5.809948032665182005e-01
5.809948032665182005e-01
5.812917594654788411e-01
5.812917594654788411e-01
5.811432813659984653e-01
5.812917594654788411e-01
5.811432813659984653e-01
5.811432813659984653e-01
5.811432813659984653e-01
5.809948032665182005e-01
5.809948032665182005e-01
5.812917594654788411e-01
5.809948032665182005e-01
5.811432813659984653e-01
5.809948032665182005e-01
5.811432813659984653e-01
5.809948032665182005e-01
5.811432813659984653e-01
5.809948032665182005e-01
5.809948032665182005e-01
5.811432813659984653e-01
5.811432813659984653e-01
5.811432813659984653e-01
5.812917594654788411e-01
5.809948032665182005e-01
5.809948032665182005e-01
5.809948032665182005e-01
5.809948032665182005e-01
5.809948032665182005e-01
5.804008908685969192e-01
5.806978470675575599e-01
5.809948032665182005e-01
5.806978470675575599e-01
5.806978470675575599e-01
5.808463251670378247e-01
5.809948032665182005e-01
5.811432813659984653e-01
5.806978470675575599e-01
5.809948032665182005e-01
5.809948032665182005e-01
5.808463251670378247e-01
5.809948032665182005e-01
5.806978470675575599e-01
5.805493689680771841e-01
5.808463251670378247e-01
5.805493689680771841e-01
5.811432813659984653e-01
5.812917594654788411e-01
5.811432813659984653e-01
5.811432813659984653e-01
5.809948032665182005e-01
5.808463251670378247e-01
5.808463251670378247e-01
5.809948032665182005e-01
5.811432813659984653e-01
5.808463251670378247e-01
5.808463251670378247e-01
5.811432813659984653e-01
5.811432813659984653e-01
5.812917594654788411e-01
5.812917594654788411e-01
5.814402375649592170e-01
5.812917594654788411e-01
5.812917594654788411e-01
5.815887156644394818e-01
5.814402375649592170e-01
5.814402375649592170e-01
5.812917594654788411e-01
5.814402375649592170e-01
5.812917594654788411e-01
5.814402375649592170e-01
5.812917594654788411e-01
5.811432813659984653e-01
5.814402375649592170e-01
5.814402375649592170e-01
5.814402375649592170e-01
5.814402375649592170e-01
5.814402375649592170e-01
5.818856718634001224e-01
5.817371937639198576e-01
5.818856718634001224e-01
5.815887156644394818e-01
5.817371937639198576e-01
5.817371937639198576e-01
5.815887156644394818e-01
5.815887156644394818e-01
5.811432813659984653e-01
5.812917594654788411e-01
5.814402375649592170e-01
5.815887156644394818e-01
5.811432813659984653e-01
5.812917594654788411e-01
5.814402375649592170e-01
5.812917594654788411e-01
5.812917594654788411e-01
5.811432813659984653e-01
5.812917594654788411e-01
5.811432813659984653e-01
5.805493689680771841e-01
5.812917594654788411e-01
5.812917594654788411e-01
5.814402375649592170e-01
5.814402375649592170e-01
5.814402375649592170e-01
5.814402375649592170e-01
5.814402375649592170e-01
5.815887156644394818e-01
5.815887156644394818e-01
5.814402375649592170e-01
5.814402375649592170e-01
5.814402375649592170e-01
5.814402375649592170e-01
5.812917594654788411e-01
5.814402375649592170e-01
5.815887156644394818e-01
5.814402375649592170e-01
5.814402375649592170e-01
5.814402375649592170e-01
5.814402375649592170e-01
5.814402375649592170e-01
5.815887156644394818e-01
5.812917594654788411e-01
5.814402375649592170e-01
5.815887156644394818e-01
5.814402375649592170e-01
5.814402375649592170e-01
5.817371937639198576e-01
5.820341499628804982e-01
5.815887156644394818e-01
5.812917594654788411e-01
5.812917594654788411e-01
5.814402375649592170e-01
5.814402375649592170e-01
5.812917594654788411e-01
5.812917594654788411e-01
5.814402375649592170e-01
5.812917594654788411e-01
5.811432813659984653e-01
5.812917594654788411e-01
5.812917594654788411e-01
5.814402375649592170e-01
5.811432813659984653e-01
5.812917594654788411e-01
5.812917594654788411e-01
5.812917594654788411e-01
5.815887156644394818e-01
5.815887156644394818e-01
5.814402375649592170e-01
5.812917594654788411e-01
5.812917594654788411e-01
5.812917594654788411e-01
5.818856718634001224e-01
5.818856718634001224e-01
5.824795842613214036e-01
5.821826280623607630e-01
5.815887156644394818e-01
5.812917594654788411e-01
5.814402375649592170e-01
5.811432813659984653e-01
5.812917594654788411e-01
5.812917594654788411e-01
5.812917594654788411e-01
5.806978470675575599e-01
5.812917594654788411e-01
5.814402375649592170e-01
5.814402375649592170e-01
5.812917594654788411e-01
5.812917594654788411e-01
5.811432813659984653e-01
5.809948032665182005e-01
5.809948032665182005e-01
5.809948032665182005e-01
5.812917594654788411e-01
5.814402375649592170e-01
5.809948032665182005e-01
5.812917594654788411e-01
5.805493689680771841e-01
5.808463251670378247e-01
5.814402375649592170e-01
5.812917594654788411e-01
5.812917594654788411e-01
5.814402375649592170e-01
5.814402375649592170e-01
5.814402375649592170e-01
5.812917594654788411e-01
5.812917594654788411e-01
5.811432813659984653e-01
5.814402375649592170e-01
5.814402375649592170e-01
5.812917594654788411e-01
5.814402375649592170e-01
5.812917594654788411e-01
5.812917594654788411e-01
5.814402375649592170e-01
5.814402375649592170e-01
5.815887156644394818e-01
5.814402375649592170e-01
5.814402375649592170e-01
5.812917594654788411e-01
5.812917594654788411e-01
5.811432813659984653e-01
5.812917594654788411e-01
5.818856718634001224e-01
5.815887156644394818e-01
5.815887156644394818e-01
5.811432813659984653e-01
5.812917594654788411e-01
5.811432813659984653e-01
5.812917594654788411e-01
5.812917594654788411e-01
5.811432813659984653e-01
5.817371937639198576e-01
5.817371937639198576e-01
5.815887156644394818e-01
5.812917594654788411e-01
5.812917594654788411e-01
5.815887156644394818e-01
5.815887156644394818e-01
5.814402375649592170e-01
5.814402375649592170e-01
5.809948032665182005e-01
5.806978470675575599e-01
5.812917594654788411e-01
5.811432813659984653e-01
5.814402375649592170e-01
5.815887156644394818e-01
5.809948032665182005e-01
5.811432813659984653e-01
5.811432813659984653e-01
5.812917594654788411e-01
5.811432813659984653e-01
5.812917594654788411e-01
5.811432813659984653e-01
5.817371937639198576e-01
5.814402375649592170e-01
5.809948032665182005e-01
5.811432813659984653e-01
5.812917594654788411e-01
5.809948032665182005e-01
5.812917594654788411e-01
5.811432813659984653e-01
5.814402375649592170e-01
5.815887156644394818e-01
5.814402375649592170e-01
5.812917594654788411e-01
5.811432813659984653e-01
5.812917594654788411e-01
5.814402375649592170e-01
5.812917594654788411e-01
5.814402375649592170e-01
5.812917594654788411e-01
5.812917594654788411e-01
5.814402375649592170e-01
5.814402375649592170e-01
5.812917594654788411e-01
5.815887156644394818e-01
5.812917594654788411e-01
5.815887156644394818e-01
5.815887156644394818e-01
5.815887156644394818e-01
5.814402375649592170e-01
5.815887156644394818e-01
5.815887156644394818e-01
5.814402375649592170e-01
5.817371937639198576e-01
5.818856718634001224e-01
5.817371937639198576e-01
5.817371937639198576e-01
5.814402375649592170e-01
5.814402375649592170e-01
5.815887156644394818e-01
5.815887156644394818e-01
5.815887156644394818e-01
5.815887156644394818e-01
5.814402375649592170e-01
