5.836674090571640772e-01
5.961395694135115386e-01
5.890126206384558305e-01
5.784706755753525886e-01
6.025241276911655897e-01
5.878247958426132680e-01
5.829250185597624201e-01
6.046028210838900740e-01
5.909428359317000501e-01
5.815887156644394818e-01
6.023756495916852138e-01
5.907943578322197853e-01
5.830734966592427959e-01
5.790645879732739809e-01
6.007423904974016349e-01
5.879732739420935328e-01
5.827765404602821553e-01
6.007423904974016349e-01
5.879732739420935328e-01
5.976243504083147418e-01
5.939123979213065674e-01
5.823311061618411388e-01
5.792130660727542457e-01
6.002969561989606184e-01
5.870824053452116109e-01
5.830734966592427959e-01
6.005939123979212590e-01
5.870824053452116109e-01
5.804008908685969192e-01
6.002969561989606184e-01
5.876763177431328922e-01
5.830734966592427959e-01
5.995545657015590724e-01
5.897550111358574876e-01
5.799554565701559028e-01
6.002969561989606184e-01
5.891610987379362063e-01
5.812917594654788411e-01
5.997030438010393372e-01
5.907943578322197853e-01
5.799554565701559028e-01
6.002969561989606184e-01
5.872308834446918757e-01
5.799554565701559028e-01
5.999999999999999778e-01
5.878247958426132680e-01
5.804008908685969192e-01
5.997030438010393372e-01
5.900519673348181282e-01
6.004454342984409942e-01
5.913882702301410665e-01
5.833704528582034365e-01
5.980697847067557582e-01
5.922791388270229884e-01
5.851521900519672803e-01
6.017817371937639326e-01
5.884187082405345492e-01
5.806978470675575599e-01
5.973273942093541011e-01
5.916852264291017072e-01
6.014847809948032920e-01
5.919821826280623478e-01
5.827765404602821553e-01
5.997030438010393372e-01
5.900519673348181282e-01
5.821826280623607630e-01
5.780252412769116832e-01
6.008908685968820107e-01
5.912397921306606907e-01
5.832219747587230607e-01
6.011878247958426513e-01
5.903489235337787688e-01
5.842613214550853584e-01
6.011878247958426513e-01
5.900519673348181282e-01
5.804008908685969192e-01
6.005939123979212590e-01
5.885671863400148140e-01
5.829250185597624201e-01
6.005939123979212590e-01
5.894580549368968470e-01
5.826280623608017795e-01
6.007423904974016349e-01
5.904974016332591447e-01
5.844097995545657342e-01
6.013363028953229161e-01
5.907943578322197853e-01
5.836674090571640772e-01
6.005939123979212590e-01
5.909428359317000501e-01
5.838158871566443420e-01
6.002969561989606184e-01
5.913882702301410665e-01
5.848552338530066397e-01
6.005939123979212590e-01
5.915367483296213313e-01
5.845582776540459990e-01
6.013363028953229161e-01
5.902004454342983930e-01
5.842613214550853584e-01
6.008908685968820107e-01
5.909428359317000501e-01
5.839643652561247178e-01
6.005939123979212590e-01
5.906458797327394095e-01
5.842613214550853584e-01
6.016332590942835568e-01
5.906458797327394095e-01
5.845582776540459990e-01
5.989606533036376801e-01
5.928730512249442697e-01
5.838158871566443420e-01
6.001484780994803536e-01
5.924276169265033642e-01
5.838158871566443420e-01
6.005939123979212590e-01
5.916852264291017072e-01
5.841128433556050936e-01
6.007423904974016349e-01
5.904974016332591447e-01
5.842613214550853584e-01
6.005939123979212590e-01
5.887156644394951899e-01
5.805493689680771841e-01
6.004454342984409942e-01
5.909428359317000501e-01
5.845582776540459990e-01
6.001484780994803536e-01
5.910913140311804259e-01
5.842613214550853584e-01
6.005939123979212590e-01
5.906458797327394095e-01
5.833704528582034365e-01
6.001484780994803536e-01
5.910913140311804259e-01
5.841128433556050936e-01
6.010393466963622755e-01
5.902004454342983930e-01
5.838158871566443420e-01
6.004454342984409942e-01
5.907943578322197853e-01
5.842613214550853584e-01
6.010393466963622755e-01
5.907943578322197853e-01
5.824795842613214036e-01
6.010393466963622755e-01
5.904974016332591447e-01
5.844097995545657342e-01
6.002969561989606184e-01
5.909428359317000501e-01
5.841128433556050936e-01
6.007423904974016349e-01
5.909428359317000501e-01
5.844097995545657342e-01
6.004454342984409942e-01
5.909428359317000501e-01
5.838158871566443420e-01
6.001484780994803536e-01
5.912397921306606907e-01
5.844097995545657342e-01
6.007423904974016349e-01
5.897550111358574876e-01
5.817371937639198576e-01
6.002969561989606184e-01
5.916852264291017072e-01
5.839643652561247178e-01
6.004454342984409942e-01
5.919821826280623478e-01
5.851521900519672803e-01
5.999999999999999778e-01
5.919821826280623478e-01
5.838158871566443420e-01
6.001484780994803536e-01
5.919821826280623478e-01
5.842613214550853584e-01
6.005939123979212590e-01
5.902004454342983930e-01
5.805493689680771841e-01
5.998515219005197130e-01
5.922791388270229884e-01
5.841128433556050936e-01
6.002969561989606184e-01
5.924276169265033642e-01
5.848552338530066397e-01
5.988121752041574153e-01
5.919821826280623478e-01
5.839643652561247178e-01
6.005939123979212590e-01
5.910913140311804259e-01
5.842613214550853584e-01
6.007423904974016349e-01
5.912397921306606907e-01
5.850037119524870155e-01
6.007423904974016349e-01
5.888641425389754547e-01
5.829250185597624201e-01
6.008908685968820107e-01
5.909428359317000501e-01
5.842613214550853584e-01
6.005939123979212590e-01
5.913882702301410665e-01
5.836674090571640772e-01
6.011878247958426513e-01
5.913882702301410665e-01
5.841128433556050936e-01
5.988121752041574153e-01
5.918337045285820830e-01
5.844097995545657342e-01
6.002969561989606184e-01
5.915367483296213313e-01
5.824795842613214036e-01
5.988121752041574153e-01
5.912397921306606907e-01
5.841128433556050936e-01
6.004454342984409942e-01
5.918337045285820830e-01
5.848552338530066397e-01
6.001484780994803536e-01
5.921306607275427236e-01
5.845582776540459990e-01
6.008908685968820107e-01
5.897550111358574876e-01
5.820341499628804982e-01
6.005939123979212590e-01
5.890126206384558305e-01
5.823311061618411388e-01
6.002969561989606184e-01
5.904974016332591447e-01
5.841128433556050936e-01
6.007423904974016349e-01
5.899034892353377524e-01
5.804008908685969192e-01
6.001484780994803536e-01
5.919821826280623478e-01
5.829250185597624201e-01
5.983667409057163988e-01
5.913882702301410665e-01
5.836674090571640772e-01
6.002969561989606184e-01
5.918337045285820830e-01
5.850037119524870155e-01
6.007423904974016349e-01
5.904974016332591447e-01
5.845582776540459990e-01
6.007423904974016349e-01
5.903489235337787688e-01
5.832219747587230607e-01
6.005939123979212590e-01
5.902004454342983930e-01
5.838158871566443420e-01
6.002969561989606184e-01
5.915367483296213313e-01
5.835189309576837013e-01
6.008908685968820107e-01
5.885671863400148140e-01
5.809948032665182005e-01
5.991091314031180559e-01
5.907943578322197853e-01
6.022271714922049490e-01
5.910913140311804259e-01
5.835189309576837013e-01
5.999999999999999778e-01
5.910913140311804259e-01
5.817371937639198576e-01
6.002969561989606184e-01
5.915367483296213313e-01
5.835189309576837013e-01
5.998515219005197130e-01
5.925760950259836290e-01
5.832219747587230607e-01
5.998515219005197130e-01
5.930215293244246455e-01
5.848552338530066397e-01
5.998515219005197130e-01
5.904974016332591447e-01
5.830734966592427959e-01
6.002969561989606184e-01
5.913882702301410665e-01
5.833704528582034365e-01
5.998515219005197130e-01
5.921306607275427236e-01
5.844097995545657342e-01
6.002969561989606184e-01
5.909428359317000501e-01
5.827765404602821553e-01
6.004454342984409942e-01
5.902004454342983930e-01
5.793615441722346215e-01
6.001484780994803536e-01
5.915367483296213313e-01
5.821826280623607630e-01
5.995545657015590724e-01
5.930215293244246455e-01
5.841128433556050936e-01
5.997030438010393372e-01
5.918337045285820830e-01
5.842613214550853584e-01
5.998515219005197130e-01
5.918337045285820830e-01
5.812917594654788411e-01
5.999999999999999778e-01
5.922791388270229884e-01
5.842613214550853584e-01
5.998515219005197130e-01
5.907943578322197853e-01
5.812917594654788411e-01
5.998515219005197130e-01
5.916852264291017072e-01
5.835189309576837013e-01
5.998515219005197130e-01
5.910913140311804259e-01
5.841128433556050936e-01
5.998515219005197130e-01
5.910913140311804259e-01
5.832219747587230607e-01
5.999999999999999778e-01
5.907943578322197853e-01
5.833704528582034365e-01
6.005939123979212590e-01
5.910913140311804259e-01
5.830734966592427959e-01
6.007423904974016349e-01
5.904974016332591447e-01
5.814402375649592170e-01
6.001484780994803536e-01
5.907943578322197853e-01
5.836674090571640772e-01
5.999999999999999778e-01
5.913882702301410665e-01
5.836674090571640772e-01
6.004454342984409942e-01
5.904974016332591447e-01
5.821826280623607630e-01
6.002969561989606184e-01
5.909428359317000501e-01
5.817371937639198576e-01
5.995545657015590724e-01
5.903489235337787688e-01
5.817371937639198576e-01
5.995545657015590724e-01
5.916852264291017072e-01
5.836674090571640772e-01
5.997030438010393372e-01
5.910913140311804259e-01
5.832219747587230607e-01
6.004454342984409942e-01
5.906458797327394095e-01
5.829250185597624201e-01
5.991091314031180559e-01
5.916852264291017072e-01
5.830734966592427959e-01
5.997030438010393372e-01
5.922791388270229884e-01
5.821826280623607630e-01
6.005939123979212590e-01
5.907943578322197853e-01
5.835189309576837013e-01
6.007423904974016349e-01
5.909428359317000501e-01
5.832219747587230607e-01
5.995545657015590724e-01
5.915367483296213313e-01
5.835189309576837013e-01
6.001484780994803536e-01
5.912397921306606907e-01
5.835189309576837013e-01
5.999999999999999778e-01
5.890126206384558305e-01
5.804008908685969192e-01
5.995545657015590724e-01
5.913882702301410665e-01
5.815887156644394818e-01
5.997030438010393372e-01
5.909428359317000501e-01
5.829250185597624201e-01
5.997030438010393372e-01
5.907943578322197853e-01
5.832219747587230607e-01
6.001484780994803536e-01
5.893095768374164711e-01
5.801039346696362786e-01
5.994060876020786965e-01
5.907943578322197853e-01
5.827765404602821553e-01
5.997030438010393372e-01
5.907943578322197853e-01
5.836674090571640772e-01
5.999999999999999778e-01
5.936154417223459268e-01
5.850037119524870155e-01
6.002969561989606184e-01
5.913882702301410665e-01
5.832219747587230607e-01
6.002969561989606184e-01
5.910913140311804259e-01
5.830734966592427959e-01
6.004454342984409942e-01
5.904974016332591447e-01
5.836674090571640772e-01
5.995545657015590724e-01
5.925760950259836290e-01
5.841128433556050936e-01
6.011878247958426513e-01
5.903489235337787688e-01
5.838158871566443420e-01
6.001484780994803536e-01
5.912397921306606907e-01
5.838158871566443420e-01
5.997030438010393372e-01
5.918337045285820830e-01
5.845582776540459990e-01
6.007423904974016349e-01
5.906458797327394095e-01
5.839643652561247178e-01
6.001484780994803536e-01
5.909428359317000501e-01
5.835189309576837013e-01
6.002969561989606184e-01
5.907943578322197853e-01
5.833704528582034365e-01
6.004454342984409942e-01
5.912397921306606907e-01
5.829250185597624201e-01
6.007423904974016349e-01
5.902004454342983930e-01
5.799554565701559028e-01
5.997030438010393372e-01
5.903489235337787688e-01
5.823311061618411388e-01
5.997030438010393372e-01
5.902004454342983930e-01
5.815887156644394818e-01
5.999999999999999778e-01
5.912397921306606907e-01
5.842613214550853584e-01
5.998515219005197130e-01
5.913882702301410665e-01
5.817371937639198576e-01
5.992576095025983207e-01
5.921306607275427236e-01
5.835189309576837013e-01
5.995545657015590724e-01
5.902004454342983930e-01
5.820341499628804982e-01
5.995545657015590724e-01
5.903489235337787688e-01
5.820341499628804982e-01
5.995545657015590724e-01
5.909428359317000501e-01
5.820341499628804982e-01
5.997030438010393372e-01
5.915367483296213313e-01
5.832219747587230607e-01
5.998515219005197130e-01
5.906458797327394095e-01
5.796585003711952622e-01
6.002969561989606184e-01
5.916852264291017072e-01
5.823311061618411388e-01
5.998515219005197130e-01
5.912397921306606907e-01
5.841128433556050936e-01
6.001484780994803536e-01
5.910913140311804259e-01
5.844097995545657342e-01
5.998515219005197130e-01
5.918337045285820830e-01
5.833704528582034365e-01
5.999999999999999778e-01
5.924276169265033642e-01
5.845582776540459990e-01
6.004454342984409942e-01
5.909428359317000501e-01
5.838158871566443420e-01
6.005939123979212590e-01
5.912397921306606907e-01
5.832219747587230607e-01
6.002969561989606184e-01
5.904974016332591447e-01
5.833704528582034365e-01
6.001484780994803536e-01
5.912397921306606907e-01
5.838158871566443420e-01
6.005939123979212590e-01
5.890126206384558305e-01
5.806978470675575599e-01
5.992576095025983207e-01
5.909428359317000501e-01
5.796585003711952622e-01
5.995545657015590724e-01
5.912397921306606907e-01
5.826280623608017795e-01
6.001484780994803536e-01
5.906458797327394095e-01
5.818856718634001224e-01
5.998515219005197130e-01
5.915367483296213313e-01
5.820341499628804982e-01
5.999999999999999778e-01
5.910913140311804259e-01
5.827765404602821553e-01
