5.836674090571640772e-01
5.894580549368968470e-01
5.896065330363771118e-01
5.904974016332591447e-01
5.870824053452116109e-01
5.855976243504082968e-01
5.830734966592427959e-01
5.802524127691165434e-01
5.757980697847067120e-01
5.943578322197475838e-01
5.853006681514476561e-01
5.931700074239050213e-01
5.817371937639198576e-01
5.922791388270229884e-01
5.787676317743133403e-01
5.934669636228656620e-01
5.827765404602821553e-01
5.942093541202672080e-01
5.839643652561247178e-01
5.930215293244246455e-01
5.853006681514476561e-01
5.952487008166295057e-01
5.836674090571640772e-01
5.940608760207869432e-01
5.854491462509280320e-01
5.939123979213065674e-01
5.811432813659984653e-01
5.921306607275427236e-01
5.804008908685969192e-01
5.928730512249442697e-01
5.793615441722346215e-01
5.925760950259836290e-01
5.787676317743133403e-01
5.930215293244246455e-01
5.789161098737936051e-01
5.930215293244246455e-01
5.780252412769116832e-01
5.943578322197475838e-01
5.841128433556050936e-01
5.940608760207869432e-01
5.997030438010393372e-01
5.897550111358574876e-01
5.958426132145508980e-01
5.845582776540459990e-01
5.942093541202672080e-01
5.827765404602821553e-01
5.943578322197475838e-01
5.836674090571640772e-01
5.939123979213065674e-01
5.839643652561247178e-01
5.939123979213065674e-01
5.835189309576837013e-01
5.937639198218263026e-01
5.863400148478099538e-01
5.953971789161098815e-01
5.841128433556050936e-01
5.939123979213065674e-01
5.829250185597624201e-01
5.943578322197475838e-01
5.830734966592427959e-01
5.943578322197475838e-01
5.827765404602821553e-01
5.940608760207869432e-01
5.833704528582034365e-01
5.934669636228656620e-01
5.851521900519672803e-01
5.952487008166295057e-01
5.832219747587230607e-01
5.942093541202672080e-01
5.830734966592427959e-01
5.943578322197475838e-01
5.832219747587230607e-01
5.942093541202672080e-01
5.832219747587230607e-01
5.934669636228656620e-01
5.827765404602821553e-01
5.946547884187082245e-01
5.829250185597624201e-01
5.942093541202672080e-01
5.826280623608017795e-01
5.942093541202672080e-01
5.824795842613214036e-01
5.933184855233852861e-01
5.826280623608017795e-01
5.931700074239050213e-01
5.835189309576837013e-01
5.937639198218263026e-01
5.832219747587230607e-01
5.940608760207869432e-01
5.829250185597624201e-01
5.940608760207869432e-01
5.830734966592427959e-01
5.939123979213065674e-01
5.832219747587230607e-01
5.940608760207869432e-01
5.835189309576837013e-01
5.945063103192279597e-01
5.829250185597624201e-01
5.939123979213065674e-01
5.833704528582034365e-01
5.937639198218263026e-01
5.827765404602821553e-01
5.948032665181886003e-01
5.830734966592427959e-01
5.939123979213065674e-01
5.832219747587230607e-01
5.945063103192279597e-01
5.830734966592427959e-01
5.940608760207869432e-01
5.829250185597624201e-01
5.936154417223459268e-01
5.826280623608017795e-01
5.940608760207869432e-01
5.835189309576837013e-01
5.937639198218263026e-01
5.850037119524870155e-01
5.946547884187082245e-01
5.863400148478099538e-01
5.953971789161098815e-01
5.823311061618411388e-01
5.937639198218263026e-01
5.836674090571640772e-01
5.945063103192279597e-01
5.829250185597624201e-01
5.942093541202672080e-01
5.836674090571640772e-01
5.946547884187082245e-01
5.827765404602821553e-01
5.939123979213065674e-01
5.829250185597624201e-01
5.943578322197475838e-01
5.827765404602821553e-01
5.933184855233852861e-01
5.830734966592427959e-01
5.943578322197475838e-01
5.832219747587230607e-01
5.946547884187082245e-01
5.835189309576837013e-01
5.959910913140311628e-01
5.844097995545657342e-01
5.948032665181886003e-01
5.830734966592427959e-01
5.949517446176688651e-01
5.826280623608017795e-01
5.942093541202672080e-01
5.836674090571640772e-01
5.946547884187082245e-01
5.833704528582034365e-01
5.940608760207869432e-01
5.830734966592427959e-01
5.943578322197475838e-01
5.827765404602821553e-01
5.942093541202672080e-01
5.827765404602821553e-01
5.937639198218263026e-01
5.829250185597624201e-01
5.939123979213065674e-01
5.833704528582034365e-01
5.942093541202672080e-01
5.830734966592427959e-01
5.937639198218263026e-01
5.835189309576837013e-01
5.939123979213065674e-01
5.833704528582034365e-01
5.942093541202672080e-01
5.829250185597624201e-01
5.940608760207869432e-01
5.838158871566443420e-01
5.940608760207869432e-01
5.838158871566443420e-01
5.951002227171492409e-01
5.838158871566443420e-01
5.942093541202672080e-01
5.835189309576837013e-01
5.943578322197475838e-01
5.836674090571640772e-01
5.943578322197475838e-01
5.835189309576837013e-01
5.943578322197475838e-01
5.836674090571640772e-01
5.940608760207869432e-01
5.838158871566443420e-01
5.948032665181886003e-01
5.833704528582034365e-01
5.946547884187082245e-01
5.838158871566443420e-01
5.952487008166295057e-01
5.835189309576837013e-01
5.948032665181886003e-01
5.830734966592427959e-01
5.934669636228656620e-01
5.827765404602821553e-01
5.936154417223459268e-01
5.829250185597624201e-01
5.946547884187082245e-01
5.832219747587230607e-01
5.939123979213065674e-01
5.830734966592427959e-01
5.939123979213065674e-01
5.833704528582034365e-01
5.940608760207869432e-01
5.832219747587230607e-01
5.945063103192279597e-01
5.824795842613214036e-01
5.949517446176688651e-01
5.841128433556050936e-01
5.939123979213065674e-01
5.820341499628804982e-01
5.943578322197475838e-01
5.835189309576837013e-01
5.946547884187082245e-01
5.829250185597624201e-01
5.942093541202672080e-01
5.829250185597624201e-01
5.942093541202672080e-01
5.823311061618411388e-01
5.943578322197475838e-01
5.829250185597624201e-01
5.946547884187082245e-01
5.824795842613214036e-01
5.936154417223459268e-01
5.832219747587230607e-01
5.934669636228656620e-01
5.829250185597624201e-01
5.936154417223459268e-01
5.824795842613214036e-01
5.940608760207869432e-01
5.821826280623607630e-01
5.939123979213065674e-01
5.823311061618411388e-01
5.946547884187082245e-01
5.827765404602821553e-01
5.937639198218263026e-01
5.835189309576837013e-01
5.933184855233852861e-01
5.826280623608017795e-01
5.946547884187082245e-01
5.830734966592427959e-01
5.946547884187082245e-01
5.826280623608017795e-01
5.948032665181886003e-01
5.838158871566443420e-01
5.949517446176688651e-01
5.832219747587230607e-01
5.945063103192279597e-01
5.827765404602821553e-01
5.943578322197475838e-01
5.826280623608017795e-01
5.937639198218263026e-01
5.830734966592427959e-01
5.940608760207869432e-01
5.818856718634001224e-01
5.930215293244246455e-01
5.826280623608017795e-01
5.942093541202672080e-01
5.826280623608017795e-01
5.936154417223459268e-01
5.835189309576837013e-01
5.939123979213065674e-01
5.827765404602821553e-01
5.936154417223459268e-01
5.835189309576837013e-01
5.946547884187082245e-01
5.838158871566443420e-01
5.943578322197475838e-01
5.841128433556050936e-01
5.951002227171492409e-01
5.833704528582034365e-01
5.945063103192279597e-01
5.838158871566443420e-01
5.951002227171492409e-01
5.832219747587230607e-01
5.949517446176688651e-01
5.832219747587230607e-01
5.945063103192279597e-01
5.832219747587230607e-01
5.945063103192279597e-01
5.833704528582034365e-01
5.945063103192279597e-01
5.833704528582034365e-01
5.937639198218263026e-01
5.832219747587230607e-01
5.942093541202672080e-01
5.833704528582034365e-01
5.939123979213065674e-01
5.836674090571640772e-01
5.951002227171492409e-01
5.827765404602821553e-01
5.945063103192279597e-01
5.818856718634001224e-01
5.939123979213065674e-01
5.835189309576837013e-01
5.943578322197475838e-01
5.830734966592427959e-01
5.940608760207869432e-01
5.815887156644394818e-01
5.937639198218263026e-01
5.823311061618411388e-01
5.939123979213065674e-01
5.818856718634001224e-01
5.930215293244246455e-01
5.827765404602821553e-01
5.949517446176688651e-01
5.826280623608017795e-01
5.937639198218263026e-01
5.833704528582034365e-01
5.946547884187082245e-01
5.833704528582034365e-01
5.946547884187082245e-01
5.830734966592427959e-01
5.943578322197475838e-01
5.830734966592427959e-01
5.945063103192279597e-01
5.817371937639198576e-01
5.936154417223459268e-01
5.832219747587230607e-01
5.945063103192279597e-01
5.826280623608017795e-01
5.943578322197475838e-01
5.827765404602821553e-01
5.933184855233852861e-01
5.829250185597624201e-01
5.942093541202672080e-01
5.830734966592427959e-01
5.942093541202672080e-01
5.829250185597624201e-01
5.942093541202672080e-01
5.829250185597624201e-01
5.945063103192279597e-01
5.830734966592427959e-01
5.942093541202672080e-01
5.826280623608017795e-01
5.951002227171492409e-01
5.847067557535263749e-01
5.946547884187082245e-01
5.826280623608017795e-01
5.952487008166295057e-01
5.832219747587230607e-01
5.945063103192279597e-01
5.833704528582034365e-01
5.942093541202672080e-01
5.829250185597624201e-01
5.943578322197475838e-01
5.832219747587230607e-01
5.936154417223459268e-01
5.824795842613214036e-01
5.942093541202672080e-01
5.827765404602821553e-01
5.943578322197475838e-01
5.826280623608017795e-01
5.946547884187082245e-01
5.821826280623607630e-01
5.934669636228656620e-01
5.830734966592427959e-01
5.936154417223459268e-01
5.827765404602821553e-01
5.940608760207869432e-01
5.842613214550853584e-01
5.945063103192279597e-01
5.829250185597624201e-01
5.942093541202672080e-01
5.827765404602821553e-01
5.945063103192279597e-01
5.832219747587230607e-01
5.943578322197475838e-01
5.832219747587230607e-01
5.946547884187082245e-01
5.829250185597624201e-01
5.943578322197475838e-01
5.827765404602821553e-01
5.943578322197475838e-01
5.814402375649592170e-01
5.937639198218263026e-01
5.833704528582034365e-01
5.937639198218263026e-01
5.824795842613214036e-01
5.942093541202672080e-01
5.826280623608017795e-01
5.942093541202672080e-01
5.829250185597624201e-01
5.940608760207869432e-01
5.832219747587230607e-01
5.934669636228656620e-01
5.827765404602821553e-01
5.939123979213065674e-01
5.833704528582034365e-01
5.942093541202672080e-01
5.832219747587230607e-01
5.934669636228656620e-01
5.824795842613214036e-01
5.937639198218263026e-01
5.827765404602821553e-01
5.940608760207869432e-01
5.836674090571640772e-01
5.949517446176688651e-01
5.832219747587230607e-01
5.940608760207869432e-01
5.829250185597624201e-01
5.937639198218263026e-01
5.829250185597624201e-01
5.937639198218263026e-01
5.823311061618411388e-01
5.937639198218263026e-01
5.827765404602821553e-01
5.934669636228656620e-01
5.826280623608017795e-01
5.934669636228656620e-01
5.833704528582034365e-01
5.946547884187082245e-01
5.826280623608017795e-01
5.940608760207869432e-01
5.830734966592427959e-01
5.942093541202672080e-01
5.829250185597624201e-01
5.940608760207869432e-01
5.827765404602821553e-01
5.939123979213065674e-01
5.832219747587230607e-01
5.945063103192279597e-01
5.832219747587230607e-01
5.939123979213065674e-01
5.833704528582034365e-01
5.939123979213065674e-01
5.827765404602821553e-01
5.945063103192279597e-01
5.824795842613214036e-01
5.939123979213065674e-01
5.827765404602821553e-01
5.945063103192279597e-01
5.823311061618411388e-01
5.939123979213065674e-01
5.826280623608017795e-01
5.942093541202672080e-01
5.830734966592427959e-01
5.942093541202672080e-01
5.826280623608017795e-01
5.939123979213065674e-01
5.824795842613214036e-01
5.931700074239050213e-01
5.826280623608017795e-01
5.942093541202672080e-01
5.847067557535263749e-01
5.955456570155901463e-01
5.850037119524870155e-01
5.948032665181886003e-01
5.853006681514476561e-01
5.951002227171492409e-01
5.820341499628804982e-01
5.928730512249442697e-01
5.824795842613214036e-01
5.940608760207869432e-01
5.824795842613214036e-01
5.937639198218263026e-01
5.826280623608017795e-01
5.943578322197475838e-01
5.826280623608017795e-01
5.940608760207869432e-01
5.827765404602821553e-01
5.939123979213065674e-01
5.826280623608017795e-01
5.942093541202672080e-01
5.830734966592427959e-01
5.952487008166295057e-01
5.827765404602821553e-01
5.943578322197475838e-01
5.830734966592427959e-01
5.940608760207869432e-01
5.832219747587230607e-01
5.940608760207869432e-01
5.826280623608017795e-01
5.936154417223459268e-01
5.827765404602821553e-01
5.939123979213065674e-01
5.838158871566443420e-01
5.948032665181886003e-01
5.823311061618411388e-01
5.943578322197475838e-01
5.829250185597624201e-01
5.931700074239050213e-01
5.824795842613214036e-01
5.936154417223459268e-01
5.826280623608017795e-01
5.934669636228656620e-01
5.824795842613214036e-01
5.939123979213065674e-01
5.833704528582034365e-01
5.946547884187082245e-01
5.833704528582034365e-01
5.946547884187082245e-01
5.824795842613214036e-01
5.939123979213065674e-01
5.826280623608017795e-01
5.940608760207869432e-01
5.832219747587230607e-01
5.942093541202672080e-01
5.850037119524870155e-01
5.948032665181886003e-01
5.853006681514476561e-01
5.937639198218263026e-01
5.858945805493689374e-01
5.940608760207869432e-01
