0.5573867854491462
0.5579806978470676
0.5576837416481069
0.5587230883444692
0.5585746102449889
0.5585746102449889
0.5585746102449889
0.5585746102449889
0.5584261321455085
0.5585746102449889
0.5585746102449889
0.5585746102449889
0.5585746102449889
0.5585746102449889
0.5585746102449889
0.5585746102449889
0.5585746102449889
0.5585746102449889
0.5585746102449889
0.5585746102449889
0.5585746102449889
0.5585746102449889
0.5585746102449889
0.5585746102449889
0.5585746102449889
0.5585746102449889
0.5585746102449889
0.5585746102449889
0.5585746102449889
0.5585746102449889
0.5585746102449889
0.5585746102449889
0.5585746102449889
0.5585746102449889
0.5585746102449889
0.5585746102449889
0.5585746102449889
0.5585746102449889
0.5585746102449889
0.5585746102449889
0.5585746102449889
0.5585746102449889
0.5585746102449889
0.5585746102449889
0.5585746102449889
0.5585746102449889
0.5585746102449889
0.5585746102449889
0.5585746102449889
0.5585746102449889
0.5585746102449889
0.5585746102449889
0.5585746102449889
0.5585746102449889
0.5585746102449889
0.5585746102449889
0.5585746102449889
0.5585746102449889
0.5585746102449889
0.5585746102449889
0.5585746102449889
0.5585746102449889
0.5585746102449889
0.5585746102449889
0.5585746102449889
0.5585746102449889
0.5585746102449889
0.5585746102449889
0.5585746102449889
0.5585746102449889
0.5585746102449889
0.5585746102449889
0.5585746102449889
0.5585746102449889
0.5585746102449889
0.5585746102449889
0.5585746102449889
0.5585746102449889
0.5585746102449889
0.5585746102449889
0.5585746102449889
0.5585746102449889
0.5585746102449889
0.5585746102449889
0.5585746102449889
0.5585746102449889
0.5585746102449889
0.5585746102449889
0.5585746102449889
0.5585746102449889
0.5585746102449889
0.5585746102449889
0.5585746102449889
0.5585746102449889
0.5585746102449889
0.5585746102449889
0.5585746102449889
0.5585746102449889
0.5585746102449889
0.5585746102449889
0.5585746102449889
