0.000000
0.000000
0.000000
0.000000
0.133333
0.333333
0.000000
0.111111
0.000000
0.333333
0.000000
0.076923
0.000000
0.000000
0.000000
0.000000
0.000000
0.000000
0.333333
0.000000
0.000000
0.125000
0.000000
0.000000
1.000000
0.000000
0.000000
0.000000
0.000000
0.000000
0.500000
0.500000
0.500000
0.000000
0.000000
0.500000
0.000000
0.142857
0.000000
0.000000
0.000000
0.000000
0.000000
0.000000
0.007042
0.090909
0.166667
0.000000
0.000000
0.064516
0.000000
0.000000
0.500000
0.000000
0.000000
0.250000
0.333333
0.000000
0.000000
0.214286
0.500000
0.000000
0.000000
0.000000
0.166667
0.000000
0.222222
0.111111
1.000000
0.000000
0.000000
0.500000
0.000000
0.000000
0.000000
0.000000
0.166667
0.000000
0.000000
0.500000
0.000000
0.150000
0.000000
0.000000
0.210526
0.144928
0.000000
0.000000
0.033898
0.210526
0.133333
0.000000
0.000000
0.000000
0.000000
0.000000
0.000000
0.000000
0.000000
0.000000
0.000000
0.000000
0.000000
0.090909
0.000000
0.000000
0.090909
0.000000
0.000000
0.333333
0.000000
0.500000
0.000000
0.000000
0.000000
0.000000
0.333333
1.000000
0.000000
0.000000
0.200000
0.000000
0.000000
0.000000
0.222222
0.000000
0.000000
0.000000
0.000000
0.333333
0.000000
0.000000
0.125000
0.000000
0.000000
0.000000
0.000000
0.000000
0.000000
0.500000
0.200000
0.000000
0.500000
0.500000
0.000000
0.333333
0.000000
0.000000
0.333333
0.250000
0.000000
0.000000
0.000000
0.000000
0.250000
0.000000
0.000000
0.000000
0.333333
0.250000
0.157895
0.111111
0.086957
0.500000
0.250000
0.000000
0.000000
0.500000
0.500000
0.000000
0.181818
0.500000
0.000000
0.000000
0.000000
0.250000
0.000000
0.300000
0.000000
0.333333
0.000000
0.000000
0.000000
0.000000
0.000000
0.000000
0.000000
0.295455
0.000000
0.000000
0.000000
0.000000
0.500000
0.000000
0.000000
0.166667
0.500000
0.129032
0.111111
0.043478
0.000000
0.000000
0.000000
0.000000
0.000000
0.000000
0.200000
0.000000
0.500000
0.000000
0.000000
0.500000
0.156522
0.000000
0.000000
0.000000
0.000000
0.500000
0.000000
0.000000
0.500000
0.250000
0.000000
0.125000
0.000000
0.000000
0.000000
0.000000
0.500000
0.000000
0.000000
0.096774
0.500000
0.500000
0.500000
0.250000
0.666667
0.000000
0.000000
0.100000
0.500000
0.166667
0.333333
0.000000
0.115385
0.000000
0.000000
0.000000
0.000000
0.000000
0.200000
0.000000
0.230769
0.000000
0.000000
0.333333
0.166667
0.000000
0.090909
0.333333
0.000000
0.000000
0.000000
0.000000
0.125000
0.000000
0.146444
0.000000
0.000000
0.000000
0.285714
0.000000
0.000000
0.083333
0.400000
0.000000
0.000000
0.333333
0.000000
0.000000
0.000000
0.200000
0.000000
0.000000
0.000000
0.333333
0.285714
0.000000
0.000000
0.000000
0.000000
0.000000
0.500000
0.000000
0.500000
0.250000
0.000000
0.000000
0.400000
0.130435
0.333333
0.086957
0.162393
0.000000
0.000000
0.000000
0.068966
0.000000
0.074074
0.000000
0.000000
0.000000
0.000000
0.000000
0.000000
0.000000
0.000000
0.000000
0.500000
0.000000
0.500000
0.000000
0.166667
0.181818
0.000000
0.000000
0.333333
0.250000
0.090909
0.500000
0.126984
0.142857
0.166667
0.000000
0.250000
0.000000
1.000000
0.111111
0.142857
0.108108
0.000000
0.250000
0.000000
0.000000
0.000000
0.125000
0.222222
0.000000
0.000000
0.500000
0.500000
0.166667
0.333333
0.173913
0.333333
0.083333
0.000000
0.000000
0.000000
0.222222
0.000000
0.375000
0.000000
0.000000
0.000000
0.000000
0.000000
0.000000
0.250000
0.045455
0.666667
0.000000
0.200000
0.000000
0.000000
0.000000
0.250000
0.000000
0.333333
0.666667
0.000000
0.000000
0.333333
0.250000
1.000000
0.000000
0.000000
0.000000
0.000000
0.200000
0.666667
0.333333
0.250000
0.000000
0.052632
0.500000
0.000000
0.000000
0.160000
0.500000
0.400000
0.000000
0.000000
0.500000
0.000000
0.500000
0.000000
0.000000
0.500000
0.250000
0.200000
0.166667
0.000000
0.125000
0.000000
0.000000
0.000000
0.333333
0.000000
0.000000
0.500000
0.200000
0.000000
0.500000
0.333333
0.166667
0.000000
0.209302
0.000000
0.250000
0.000000
0.146045
0.210526
0.055556
0.000000
0.000000
0.333333
0.285714
0.333333
0.000000
0.000000
0.000000
0.000000
0.266667
0.100000
0.096154
0.500000
0.294118
0.250000
0.333333
0.000000
0.089888
0.200000
0.000000
0.000000
0.500000
0.000000
0.000000
0.102564
0.038462
0.500000
0.000000
0.500000
0.444444
0.250000
0.000000
0.000000
0.111111
0.000000
0.000000
0.400000
0.000000
0.000000
0.000000
0.000000
0.100000
0.000000
0.050000
0.000000
0.000000
0.250000
0.000000
0.000000
0.125000
0.000000
0.000000
0.135135
0.153846
0.000000
0.666667
0.500000
0.000000
0.000000
0.200000
0.000000
0.333333
0.333333
0.000000
0.187500
0.500000
0.500000
0.000000
0.000000
0.000000
0.100000
0.500000
0.000000
0.500000
0.307692
0.142857
0.000000
0.222222
0.000000
0.500000
0.000000
0.100000
0.200000
0.086957
0.000000
0.000000
0.000000
0.000000
0.000000
0.333333
0.000000
0.200000
0.000000
0.153846
0.000000
0.000000
0.000000
0.043796
0.090909
0.000000
0.000000
0.054054
0.000000
0.500000
0.000000
0.000000
0.000000
0.000000
0.222222
0.000000
0.000000
0.000000
0.000000
0.142857
0.500000
0.000000
0.000000
0.000000
0.333333
0.000000
0.000000
0.142857
0.000000
0.000000
0.000000
0.100000
0.000000
0.000000
1.000000
0.000000
0.000000
0.101351
0.000000
0.200000
0.285714
0.000000
0.333333
0.000000
0.000000
0.142857
0.000000
0.333333
0.166667
0.000000
0.000000
0.250000
0.068966
0.000000
0.000000
0.500000
0.000000
0.500000
0.000000
0.000000
0.000000
0.000000
0.000000
0.000000
0.157895
0.142857
0.200000
0.000000
0.400000
0.125000
0.000000
0.500000
0.000000
0.000000
0.000000
0.500000
0.000000
0.000000
0.285714
0.000000
0.000000
0.000000
0.000000
0.000000
0.000000
0.000000
0.000000
0.250000
0.000000
0.000000
0.000000
0.000000
0.000000
0.000000
0.272727
0.500000
0.000000
0.200000
0.000000
0.666667
0.000000
0.000000
0.120000
0.058824
0.000000
0.000000
0.000000
0.000000
0.000000
0.000000
0.333333
0.000000
0.090909
0.333333
0.250000
0.500000
0.000000
0.047619
0.000000
0.000000
0.333333
0.500000
0.307692
0.142857
0.000000
0.000000
0.444444
0.500000
0.000000
0.000000
0.000000
0.000000
0.000000
0.500000
0.000000
0.000000
0.000000
0.000000
0.500000
0.250000
0.500000
0.000000
0.000000
0.500000
0.285714
0.000000
0.500000
0.666667
0.111111
0.142857
0.206897
0.200000
0.000000
0.000000
0.000000
0.000000
0.500000
0.000000
0.000000
0.000000
0.000000
0.000000
0.000000
0.153846
0.000000
0.000000
0.500000
0.500000
0.000000
0.000000
0.166667
0.500000
0.000000
0.166667
0.500000
0.041667
0.000000
0.000000
0.333333
0.090909
0.000000
0.000000
0.000000
0.153846
0.333333
0.000000
0.000000
0.052632
0.000000
0.000000
0.500000
0.000000
0.500000
0.000000
0.000000
0.166667
0.500000
0.000000
0.000000
0.000000
0.333333
0.000000
0.250000
0.052632
0.000000
0.200000
0.285714
0.000000
0.000000
0.000000
0.000000
0.000000
0.000000
0.090909
0.142857
0.000000
0.000000
0.000000
0.500000
0.000000
0.000000
0.250000
0.000000
0.000000
0.000000
0.266667
0.000000
0.000000
0.000000
0.000000
0.000000
0.500000
0.285714
0.500000
0.000000
0.000000
0.166667
0.000000
0.058824
0.000000
0.000000
0.000000
0.000000
0.000000
0.500000
0.000000
0.000000
0.080000
0.000000
0.500000
0.000000
0.000000
0.142857
0.160000
0.000000
0.666667
0.000000
0.166667
0.000000
0.000000
0.200000
0.000000
0.444444
0.000000
0.000000
0.000000
0.166667
0.000000
0.000000
0.000000
0.000000
0.500000
0.000000
0.000000
0.666667
0.000000
0.217391
0.222222
0.500000
0.000000
0.333333
0.000000
0.250000
0.142857
0.107143
0.250000
0.000000
0.250000
0.100000
0.000000
0.111111
0.000000
0.333333
0.000000
0.142857
0.000000
0.000000
0.000000
0.000000
0.000000
0.000000
0.105263
0.111111
0.000000
0.000000
0.000000
0.333333
0.000000
0.000000
0.000000
0.000000
0.000000
0.000000
0.000000
0.000000
0.181818
0.000000
0.000000
0.500000
0.333333
0.000000
0.000000
0.000000
0.500000
0.000000
0.500000
0.200000
0.098592
0.000000
0.000000
0.000000
0.000000
0.500000
0.000000
0.120000
0.000000
0.500000
0.000000
0.000000
0.000000
0.235294
0.285714
0.142857
0.500000
0.333333
0.000000
0.000000
0.000000
0.000000
0.166667
0.000000
0.000000
0.500000
0.000000
0.000000
0.000000
0.000000
0.000000
0.000000
0.000000
0.125000
0.333333
0.000000
0.000000
0.000000
1.000000
0.000000
0.166667
0.000000
0.100000
0.000000
0.000000
0.000000
0.500000
0.000000
0.000000
0.000000
0.000000
0.000000
0.285714
0.000000
0.000000
0.000000
0.000000
0.000000
0.000000
0.208333
0.250000
0.000000
0.000000
0.000000
0.000000
0.076923
0.000000
0.250000
0.064103
0.000000
0.500000
0.333333
0.500000
0.000000
0.500000
0.000000
0.500000
0.000000
0.000000
0.000000
0.000000
0.285714
0.294118
0.000000
0.000000
0.000000
0.000000
0.000000
0.000000
0.000000
0.500000
0.000000
0.000000
0.000000
0.000000
0.666667
0.000000
0.000000
0.000000
0.000000
0.000000
0.000000
0.000000
0.173913
0.000000
0.000000
0.117647
0.000000
0.000000
0.000000
0.000000
0.000000
0.666667
0.000000
0.500000
0.333333
0.083333
0.222222
0.000000
0.000000
0.000000
0.057143
0.000000
0.000000
0.125000
0.000000
0.038462
0.125000
0.250000
0.000000
0.000000
0.166667
0.083333
0.000000
0.000000
0.000000
0.000000
0.000000
0.166667
0.000000
0.000000
0.000000
0.500000
0.000000
0.000000
0.500000
0.250000
0.000000
0.000000
0.000000
0.000000
0.000000
0.000000
0.000000
0.000000
0.000000
0.000000
0.000000
0.000000
0.000000
0.500000
0.250000
0.200000
0.000000
0.200000
0.000000
0.000000
0.333333
0.000000
0.333333
0.000000
0.000000
0.000000
0.000000
0.000000
0.500000
0.000000
1.000000
0.000000
0.200000
0.000000
0.100000
0.000000
0.500000
0.000000
0.000000
0.000000
0.173913
0.500000
0.000000
0.000000
0.000000
0.500000
0.000000
0.000000
0.250000
0.043478
0.093023
0.500000
0.000000
0.000000
0.000000
0.000000
0.000000
0.000000
0.000000
0.000000
0.000000
0.000000
0.500000
0.000000
