114 120
114 23
114 150
114 131
114 147
101 114
114 140
114 118
114 117
114 98
114 146
109 114
114 149
114 116
105 114
114 127
114 148
114 119
114 99
102 114
100 114
106 114
108 114
114 124
114 142
104 114
114 136
114 129
114 115
114 126
114 132
114 58
111 114
114 121
114 128
107 114
114 123
114 45
114 76
114 139
110 114
114 66
114 67
114 78
114 72
114 35
120 23
120 150
120 131
120 130
120 147
101 120
120 140
118 120
117 120
120 98
120 146
109 120
120 149
116 120
105 120
120 127
120 148
119 120
120 99
102 120
100 120
106 120
108 120
120 124
120 142
104 120
120 136
120 135
120 129
115 120
120 132
113 120
120 58
111 120
120 121
120 128
107 120
120 123
120 45
120 97
120 76
120 139
120 137
110 120
120 46
120 66
120 67
120 64
120 134
120 29
120 37
150 23
131 23
130 23
147 23
140 23
118 23
117 23
23 98
146 23
109 23
149 23
116 23
105 23
127 23
148 23
119 23
23 99
100 23
106 23
124 23
104 23
136 23
135 23
129 23
126 23
132 23
23 58
111 23
121 23
128 23
107 23
23 45
23 97
23 76
137 23
110 23
23 46
23 66
23 67
20 23
23 72
23 29
23 83
131 150
130 150
147 150
101 150
140 150
118 150
117 150
150 98
146 150
109 150
149 150
116 150
105 150
127 150
148 150
119 150
150 99
102 150
100 150
106 150
108 150
124 150
142 150
104 150
136 150
129 150
115 150
126 150
132 150
113 150
150 58
111 150
121 150
128 150
107 150
123 150
150 45
150 97
150 76
150 74
139 150
137 150
110 150
150 66
150 67
150 78
150 20
150 29
150 37
1 150
150 83
130 131
131 147
101 131
131 140
118 131
117 131
131 98
131 146
109 131
131 149
116 131
105 131
127 131
131 148
119 131
131 99
100 131
106 131
108 131
124 131
131 142
104 131
131 136
131 135
129 131
115 131
131 132
111 131
121 131
128 131
107 131
123 131
131 76
131 74
131 139
131 137
110 131
131 46
131 67
131 78
131 20
131 134
131 37
1 131
101 130
130 140
118 130
117 130
130 146
130 149
116 130
127 130
119 130
130 99
100 130
106 130
130 142
130 136
130 135
126 130
113 130
130 58
107 130
130 45
130 97
130 76
130 74
130 137
110 130
130 46
130 66
130 67
130 78
130 20
130 64
130 72
130 29
130 35
130 83
101 147
140 147
118 147
117 147
147 98
146 147
109 147
147 149
116 147
105 147
127 147
147 148
119 147
147 99
102 147
100 147
106 147
108 147
124 147
104 147
136 147
129 147
115 147
132 147
113 147
111 147
121 147
128 147
107 147
123 147
139 147
137 147
110 147
134 147
101 140
101 118
101 117
101 98
101 146
101 109
101 149
101 116
101 105
101 127
101 148
101 119
101 99
101 102
100 101
101 106
101 108
101 124
101 142
101 104
101 136
101 135
101 129
101 115
101 126
101 132
101 113
101 111
101 121
101 128
101 107
101 123
101 76
101 139
101 137
101 110
101 20
101 134
118 140
117 140
140 98
140 146
109 140
140 149
116 140
105 140
127 140
140 148
119 140
140 99
102 140
100 140
106 140
108 140
124 140
140 142
136 140
135 140
129 140
115 140
126 140
132 140
113 140
128 140
107 140
123 140
140 45
140 97
140 76
140 74
139 140
137 140
110 140
140 66
140 67
140 78
140 64
134 140
140 29
140 37
140 35
1 140
117 118
118 98
118 146
109 118
118 149
116 118
105 118
118 127
118 148
118 119
118 99
102 118
100 118
106 118
108 118
118 124
118 142
104 118
118 136
118 135
118 129
115 118
118 126
113 118
118 58
111 118
118 121
118 128
107 118
118 123
118 45
118 97
118 76
110 118
118 72
118 134
118 35
118 14
117 98
117 146
109 117
117 149
116 117
105 117
117 127
117 148
117 119
117 99
102 117
100 117
106 117
108 117
117 124
117 142
104 117
117 136
117 135
117 129
115 117
117 126
117 132
113 117
111 117
117 121
117 128
107 117
117 123
117 76
117 74
117 137
110 117
117 20
117 134
146 98
109 98
149 98
116 98
105 98
127 98
148 98
119 98
98 99
102 98
100 98
106 98
108 98
124 98
142 98
104 98
136 98
135 98
129 98
115 98
126 98
132 98
113 98
111 98
121 98
128 98
107 98
123 98
97 98
139 98
137 98
46 98
134 98
37 98
1 98
109 146
146 149
116 146
105 146
127 146
146 148
119 146
146 99
102 146
100 146
106 146
108 146
124 146
142 146
104 146
136 146
135 146
129 146
115 146
132 146
113 146
111 146
128 146
107 146
123 146
146 76
139 146
137 146
110 146
146 46
146 20
134 146
109 149
109 116
105 109
109 127
109 148
109 119
109 99
102 109
100 109
106 109
108 109
109 124
109 142
104 109
109 136
109 135
109 129
109 115
109 132
109 111
109 121
109 128
107 109
109 123
109 76
109 139
109 137
109 110
109 20
109 134
116 149
105 149
127 149
148 149
119 149
149 99
102 149
100 149
106 149
108 149
124 149
142 149
104 149
136 149
129 149
115 149
132 149
113 149
149 58
111 149
128 149
107 149
123 149
149 45
149 74
137 149
110 149
149 66
149 64
134 149
105 116
116 127
116 148
116 119
116 99
102 116
100 116
106 116
108 116
116 124
116 142
104 116
116 136
116 135
116 129
115 116
116 126
116 132
113 116
111 116
116 121
116 128
107 116
116 123
116 97
116 137
110 116
116 67
116 78
116 64
116 134
116 29
105 127
105 148
105 119
105 99
102 105
100 105
105 106
105 108
105 124
105 142
104 105
105 136
105 135
105 129
105 115
105 132
105 58
105 121
105 128
105 107
105 123
105 76
105 139
105 137
105 110
105 46
105 134
127 148
119 127
127 99
102 127
100 127
106 127
108 127
124 127
127 142
104 127
127 136
127 135
127 129
115 127
127 132
113 127
111 127
121 127
127 128
107 127
123 127
127 139
127 137
110 127
127 134
119 148
102 148
100 148
106 148
108 148
124 148
142 148
104 148
136 148
135 148
129 148
115 148
132 148
111 148
121 148
128 148
107 148
148 45
139 148
137 148
110 148
148 67
148 78
148 64
134 148
119 99
102 119
100 119
106 119
108 119
119 124
119 142
104 119
119 136
119 129
115 119
119 132
113 119
111 119
119 121
119 128
107 119
119 123
119 139
119 137
110 119
119 20
119 64
119 134
102 99
100 99
106 99
108 99
124 99
142 99
104 99
136 99
135 99
129 99
115 99
126 99
132 99
113 99
111 99
121 99
128 99
107 99
123 99
45 99
97 99
139 99
137 99
110 99
78 99
64 99
134 99
100 102
102 106
102 108
102 124
102 142
102 104
102 136
102 135
102 129
102 113
102 121
102 128
102 107
102 123
102 97
102 110
100 106
100 108
100 124
100 142
100 104
100 136
100 129
100 115
100 132
100 58
100 111
100 128
100 107
100 45
100 97
100 76
100 139
100 137
100 110
100 72
100 134
100 35
106 108
106 124
106 142
104 106
106 136
106 135
106 129
106 132
106 113
106 121
106 128
106 107
106 123
106 76
106 137
106 20
108 124
108 142
104 108
108 136
108 135
108 129
108 132
108 113
108 111
108 121
108 128
107 108
108 123
108 97
108 139
108 134
124 142
104 124
124 136
124 135
124 129
115 124
124 132
113 124
111 124
124 128
107 124
123 124
124 76
124 139
124 137
110 124
124 66
124 134
124 14
104 142
136 142
135 142
115 142
126 142
113 142
111 142
128 142
107 142
123 142
142 46
142 66
142 64
142 37
1 142
14 142
104 136
104 129
104 115
104 113
104 111
104 121
104 128
104 107
104 123
104 97
104 139
104 78
104 134
135 136
129 136
115 136
126 136
132 136
111 136
121 136
128 136
123 136
136 139
136 137
110 136
136 64
134 136
113 135
111 135
128 135
107 135
123 135
135 97
135 76
135 137
110 135
135 46
135 67
135 78
135 29
135 14
115 129
126 129
129 132
113 129
111 129
121 129
128 129
107 129
123 129
129 97
129 139
129 137
110 129
129 134
115 132
111 115
115 128
107 115
115 74
115 139
115 46
115 37
1 115
0 19
126 58
110 126
126 46
126 66
126 64
121 132
128 132
107 132
132 139
132 137
110 132
111 113
113 128
113 97
113 76
113 67
113 78
113 29
45 58
58 76
58 74
46 58
58 66
20 58
58 64
58 72
35 58
58 83
111 121
111 128
107 111
111 123
110 111
107 121
107 128
123 128
128 139
128 137
110 128
128 20
128 134
107 110
107 64
107 35
107 14
123 97
45 76
45 74
45 66
45 67
45 64
45 72
35 45
76 97
46 97
67 97
78 97
29 97
46 76
67 76
64 76
72 76
29 76
35 76
66 74
20 74
64 74
72 74
74 83
110 137
110 134
46 67
46 78
46 72
29 46
66 67
64 66
66 72
67 78
64 67
29 67
29 78
35 72
1 37
