0.565549
0.623515
0.768231
0.730507
0.303362
0.672472
0.561858
0.527206
0.457363
0.320048
0.770831
0.557143
0.501205
0.464781
0.646267
0.541854
0.665131
0.654560
0.530892
0.621740
0.698773
0.686427
0.581153
0.637977
0.430573
0.533148
0.358378
0.672646
0.519282
0.690141
0.585442
0.790037
0.330739
0.676100
0.690502
0.588660
0.579900
0.631076
0.652363
0.651823
0.632141
0.760395
0.740968
0.729812
0.603822
0.394653
0.456417
0.312277
0.494316
0.658082
0.628666
0.559586
0.598580
0.520063
0.325862
0.665601
0.563467
0.583933
0.688185
0.757510
0.730485
0.601822
0.737615
0.671845
0.516634
0.629131
0.442953
0.781576
0.544042
0.497262
0.630763
0.508907
0.609729
0.698958
0.637858
0.513524
0.688557
0.394636
0.662503
0.505999
0.603396
0.632960
0.527305
0.535796
0.631606
0.682451
0.353232
0.586615
0.724662
0.566042
0.785908
0.718755
0.745988
0.462342
0.467413
0.711189
0.468122
0.755513
0.534184
0.503858
0.679837
0.783938
0.676972
0.613789
0.769839
0.666634
0.699151
0.537279
0.535063
0.506646
0.457069
0.701417
0.563040
0.718681
0.756848
0.525217
0.793848
0.389749
0.452140
0.665882
0.702896
0.454859
0.686842
0.443014
0.736618
0.542742
0.529190
0.505656
0.573821
0.590960
0.613358
0.539821
0.800716
0.750423
0.807800
0.554939
0.746610
0.683430
0.506841
0.417784
0.580188
0.692010
0.547891
0.459283
0.549979
0.474182
0.777672
0.617168
0.516223
0.718368
0.756629
0.626565
0.777094
0.562834
0.376490
0.521147
0.763778
0.741405
0.801705
0.591788
0.518462
0.399272
0.449479
0.593532
0.741127
0.530485
0.541603
0.692153
0.631064
0.683721
0.428340
0.754567
0.503951
0.458147
0.636803
0.717002
0.586397
0.592049
0.472608
0.567873
0.570780
0.641396
0.624649
0.698341
0.620967
0.622405
0.859688
0.720012
0.603424
0.698628
0.668319
0.417843
0.574340
0.578903
0.623522
0.550011
0.682512
0.570063
0.567075
0.440517
0.751112
0.517521
0.537965
0.455398
0.524763
0.810855
0.447906
0.660718
0.619461
0.487358
0.593929
0.521187
0.450480
0.504487
0.581076
0.606831
0.548365
0.671102
0.456882
0.575659
0.336784
0.723365
0.582836
0.552995
0.717559
0.838459
0.379148
0.653581
0.373077
0.807863
0.657067
0.512366
0.606675
0.757380
0.793089
0.710609
0.457216
0.562165
0.688406
0.568808
0.628141
0.768793
0.545940
0.524317
0.699889
0.609297
0.465893
0.659436
0.611001
0.495965
0.690880
0.656012
0.461942
0.576348
0.509915
0.406360
0.744974
0.846915
0.709845
0.800774
0.723273
0.560750
0.546369
0.640887
0.737372
0.738209
0.768144
0.626607
0.733293
0.449253
0.726673
0.841850
0.505775
0.753125
0.627097
0.475596
0.487423
0.435548
0.598428
0.673108
0.670738
0.350489
0.686257
0.665742
0.471173
0.817165
0.533736
0.416786
0.378174
0.681995
0.457899
0.573998
0.555492
0.600887
0.725990
0.532201
0.742490
0.675726
0.714422
0.734226
0.579125
0.591897
0.702867
0.487671
0.394358
0.697261
0.352113
0.597524
0.811644
0.607309
0.393057
0.730958
0.508292
0.580511
0.343474
0.600142
0.708462
0.774528
0.452489
0.736841
0.591275
0.529814
0.705618
0.610851
0.515453
0.508679
0.667158
0.529566
0.649534
0.749382
0.417434
0.483176
0.720574
0.642658
0.753135
0.776865
0.469311
0.488045
0.482078
0.642316
0.420163
0.561329
0.504320
0.519075
0.522180
0.511098
0.423272
0.860291
0.642597
0.543523
0.690652
0.585669
0.749795
0.576500
0.327503
0.458572
0.586039
0.709690
0.543382
0.595779
0.622502
0.813849
0.500326
0.665191
0.775224
0.531464
0.779463
0.610276
0.553337
0.600064
0.673121
0.548782
0.690709
0.545435
0.476294
0.511649
0.652534
0.567485
0.361263
0.604015
0.433416
0.628090
0.519069
0.493794
0.763569
0.824499
0.540847
0.564073
0.723610
0.594876
0.718090
0.667098
0.762311
0.834364
0.677285
0.686124
0.616997
0.706442
0.513176
0.718499
0.462382
0.500561
0.614346
0.707234
0.516153
0.524229
0.542893
0.686431
0.647660
0.488764
0.747664
0.844181
0.488179
0.696180
0.602624
0.859521
0.804646
0.584908
0.597355
0.646462
0.560355
0.817696
0.590079
0.590041
0.688131
0.751421
0.648776
0.494747
0.408113
0.545712
0.533380
0.554075
0.642663
0.726553
0.774187
0.598647
0.729407
0.636714
0.607016
0.437494
0.631539
0.568730
0.616203
0.721955
0.848633
0.671115
0.553430
0.809140
0.634492
0.477328
0.529881
0.718318
0.459685
0.511393
0.426786
0.579817
0.426700
0.714579
0.584164
0.836015
0.682053
0.710150
0.740492
0.692757
0.628618
0.882935
0.751240
0.550004
0.515826
0.582183
0.784526
0.641500
0.649626
0.600755
0.438454
0.489697
0.526765
0.578401
0.767362
0.537226
0.802230
0.588351
0.631612
0.856627
0.760568
0.599359
0.856831
0.413829
0.586779
0.611766
0.604925
0.763822
0.753468
0.715161
0.555650
0.502868
0.514494
0.693947
0.451017
0.629271
0.487132
0.540056
0.479925
0.703928
0.807524
0.469121
0.620113
0.612421
0.475440
0.525019
0.454387
0.817317
0.596277
0.508107
0.717203
0.496461
0.532055
0.654614
0.621428
0.670275
0.688737
0.620420
0.477180
0.523927
0.637680
0.539364
0.679582
0.509905
0.481997
0.687735
0.532252
0.710064
0.666013
0.782307
0.394488
0.540941
0.644209
0.567086
0.828369
0.457439
0.506908
0.771801
0.525377
0.861278
0.508007
0.472714
0.807906
0.466217
0.717114
0.873656
0.534379
0.327454
0.592757
0.653664
0.604031
0.699254
0.591826
0.609970
0.282580
0.601459
0.726429
0.643219
0.709673
0.516458
0.776078
0.565677
0.597725
0.728290
0.703088
0.491941
0.544009
0.674399
0.489161
0.565428
0.382990
0.745512
0.408769
0.606600
0.632452
0.752449
0.747315
0.707193
0.686381
0.547020
0.655315
0.448574
0.736176
0.714393
0.749781
0.503005
0.839341
0.482846
0.539663
0.788325
0.750959
0.580280
0.550184
0.584207
0.548235
0.602414
0.849104
0.589641
0.697019
0.584524
0.568867
0.370487
0.859978
0.574697
0.450856
0.656515
0.789466
0.678653
0.730126
0.398512
0.465191
0.406768
0.499628
0.722738
0.389791
0.705303
0.837350
0.561642
0.475553
0.555914
0.712066
0.598378
0.811567
0.647180
0.366078
0.471323
0.705325
0.749721
0.642348
0.556113
0.702226
0.852770
0.664425
0.382699
0.332579
0.799546
0.686287
0.820869
0.467374
0.717792
0.557365
0.626529
0.583566
0.480543
0.571839
0.450354
0.562742
0.804593
0.884444
0.408849
0.643903
0.625991
0.755631
0.599030
0.675532
0.506667
0.470985
0.423853
0.472941
0.527960
0.542731
0.604109
0.536031
0.615802
0.596974
0.459782
0.728947
0.639679
0.628229
0.617324
0.475588
0.372852
0.734565
0.636484
0.543529
0.693634
0.461723
0.690870
0.483999
0.658945
0.648423
0.716137
0.468838
0.536686
0.660195
0.751537
0.735545
0.465885
0.443516
0.525416
0.653959
0.653338
0.743468
0.621789
0.774431
0.614213
0.545034
0.708081
0.710838
0.608791
0.533212
0.743213
0.638180
0.657943
0.680078
0.457163
0.614528
0.767973
0.381680
0.460734
0.722216
0.521737
0.357395
0.372648
0.594646
0.586329
0.536555
0.639701
0.389090
0.748008
0.697649
0.797063
0.609944
0.591088
0.805495
0.528489
0.518086
0.857096
0.735605
0.520160
0.550819
0.698335
0.419571
0.703444
0.513812
0.646495
0.540203
0.695736
0.583777
0.604171
0.711147
0.470504
0.653390
0.720563
0.645605
0.328474
0.374039
0.491810
0.483844
0.707609
0.760410
0.797589
0.795781
0.527838
0.706537
0.464655
0.667355
0.659579
0.731536
0.805872
0.576520
0.654071
0.754553
0.613061
0.590320
0.693102
0.685907
0.399361
0.684363
0.595349
0.516079
0.551762
0.649963
0.492883
0.610512
0.467665
0.481975
0.593845
0.383808
0.579216
0.844280
0.634636
0.670332
0.621324
0.765615
0.485130
0.803641
0.585406
0.350974
0.772736
0.582750
0.632108
0.552901
0.740136
0.574378
0.692380
0.740256
0.697870
0.618679
0.664885
0.812758
0.785599
0.585108
0.526088
0.440514
0.564985
0.597280
0.416146
0.610558
0.625872
0.535238
0.681483
0.562437
0.726436
0.373326
0.589827
0.634824
0.701068
0.608670
0.711742
0.763928
0.775140
0.644401
0.556426
0.694874
0.752877
0.550453
0.676309
0.810080
0.511865
0.868718
0.552506
0.712020
0.705311
0.716609
0.673304
0.585534
0.378716
0.775807
0.630424
0.644827
0.494262
0.744580
0.556173
0.599884
0.629428
0.426685
0.737017
0.664557
0.564580
0.562320
0.405926
0.749793
0.608947
0.707158
0.635472
0.672998
0.399926
0.490135
0.644187
0.504188
0.659266
0.636067
0.533280
0.753515
0.414726
0.664509
0.378648
0.790746
0.526769
0.769177
0.793693
0.791634
0.612833
0.675860
0.583198
0.624738
0.592218
0.514092
0.573159
0.633236
0.634793
0.600088
0.758640
0.607752
0.741074
0.451499
0.470555
0.825570
0.557567
0.701274
0.509659
0.581534
0.586110
0.490439
0.590887
0.599905
0.542915
0.849119
0.566562
0.709789
0.344520
0.553447
0.527391
0.561832
0.518439
0.485463
0.776290
0.713353
0.484605
0.488752
0.652624
0.644331
0.426417
0.793026
0.574994
0.504865
0.674695
0.485923
0.684172
0.364346
0.674380
0.489720
0.380403
0.744131
0.654860
0.688484
0.514891
0.781526
0.729855
0.563450
0.723128
0.552993
0.569566
0.654946
0.748225
0.551139
0.801799
0.722827
0.834375
0.597072
0.563974
0.376557
0.849197
0.535645
0.790148
0.431810
0.695195
0.588878
0.758271
0.684938
0.816623
0.825930
0.682020
0.496355
0.776122
0.589033
0.558643
0.630534
0.677457
0.648910
0.385274
0.596695
0.483423
0.694980
0.685802
0.531899
0.463237
0.598932
0.552800
0.634457
0.417547
0.556184
0.549276
0.408388
0.767233
0.368807
0.704741
0.651879
0.551979
0.655285
0.748619
0.633697
0.587132
0.748564
0.674395
0.475356
0.813715
0.526961
0.779727
0.778758
0.369532
0.629108
0.461855
0.665916
0.570542
0.847149
0.329679
0.766971
0.602071
0.608644
0.507796
0.715273
0.730073
0.767553
0.524467
0.541847
0.516226
0.488405
0.702261
0.449793
0.446879
0.537489
0.688325
0.411519
0.504202
0.529416
0.569251
0.741102
0.795552
0.520514
0.715243
0.526417
0.684506
0.570799
0.620970
0.557063
0.770081
0.703031
0.524190
0.509338
0.724924
0.525052
0.817220
0.630462
0.689565
0.753511
0.687612
0.476506
0.813031
0.527410
0.837041
0.558813
0.745203
0.541656
0.736142
0.718141
0.829343
0.629236
0.563709
0.756203
0.609334
0.568422
0.531649
0.363090
0.454927
0.820210
0.551815
0.517468
0.528112
0.481522
0.498835
0.756557
0.388375
0.504078
0.701003
0.891742
0.619697
0.381356
0.777154
0.550040
0.561396
0.629846
0.481847
0.579093
0.747460
0.632640
0.441341
0.708246
0.357902
0.658838
0.613444
0.529646
0.568853
0.492128
0.669233
0.670400
0.822532
0.796191
0.728788
0.572010
0.610828
0.547868
0.640321
0.574463
0.608832
0.600326
0.479291
0.478326
0.500063
0.726571
0.444133
0.547557
0.523157
0.591516
0.677730
0.345807
0.410596
0.626143
0.625902
0.548373
0.621761
0.745432
0.484420
0.699614
0.678561
0.752237
0.610855
0.617196
0.602407
0.549237
0.470360
0.674448
0.549117
0.818912
0.758138
0.476201
0.808646
0.646591
0.712562
0.623950
0.659108
0.585715
0.717216
0.422812
0.621122
0.599052
0.510118
0.507259
0.620381
0.692870
0.631780
0.773563
0.525856
0.824878
0.463980
0.788234
0.471604
0.659644
0.784986
0.563959
0.816210
0.715885
0.395365
0.600122
0.654229
0.748825
0.597784
0.622885
0.478556
0.616550
0.720611
0.419860
0.670432
0.490409
0.778809
0.826028
0.658916
0.674396
0.818865
0.730152
0.803695
0.704941
0.689332
0.625841
0.424778
0.642825
0.580527
0.499956
0.637539
0.782215
0.709395
0.843413
0.403144
0.578914
0.438474
0.621403
0.791272
0.525639
0.467503
0.772349
0.776492
0.429893
0.702181
0.637141
0.485085
0.702607
0.596642
0.580977
0.376998
0.540276
0.858285
0.340654
0.716122
0.774827
0.843275
0.381196
0.808758
0.634876
0.814039
0.516556
0.861726
0.819764
0.578133
0.379717
0.571672
0.733115
0.482699
0.605565
0.675827
0.684424
0.602488
0.481282
0.608694
0.418230
0.703850
0.708390
0.461801
0.636196
0.823762
0.646684
0.681730
0.528502
0.478511
0.588880
0.512206
0.436748
0.389366
0.514853
0.596083
0.667586
0.569854
0.767097
0.420095
0.605685
0.717853
0.587072
0.646473
0.699951
0.684365
0.614118
0.591866
0.797730
0.768489
0.591799
0.547808
0.713924
0.518003
0.481728
0.387251
0.559737
0.611539
0.563823
0.644449
0.540631
0.643432
0.796041
0.718729
0.717206
0.504309
0.653560
0.632068
0.828004
0.655159
0.578560
0.629794
0.438685
0.610325
0.417450
0.482162
0.525843
0.523622
0.489052
0.675020
0.502240
0.644325
0.578452
0.683927
0.722845
0.712754
0.569212
0.524617
0.505048
0.858484
0.622086
0.719832
0.666152
0.670125
0.369436
0.701369
0.574526
0.750670
0.460749
0.496181
0.412503
0.528741
0.782646
0.467518
0.542911
0.611961
0.513765
0.782498
0.587045
0.662170
0.413969
0.676338
0.623286
0.652855
0.375292
0.672577
0.492228
0.457701
0.785935
0.372333
0.648190
0.745209
0.464042
0.469706
0.491722
0.567730
0.422351
0.339969
0.686031
0.789462
0.792211
0.838938
0.550586
0.664010
0.554838
0.643470
0.838589
0.461122
0.671502
0.648871
0.430063
0.691135
0.601911
0.512724
0.468445
0.806636
0.484199
0.668742
0.660991
0.627570
0.572643
0.735351
0.475361
0.412594
0.491212
0.569390
0.569213
0.482007
0.493325
0.583646
0.835514
0.720334
0.781137
0.720112
0.669327
0.417336
0.809800
0.687656
0.484631
0.564533
0.702177
0.554335
0.752578
0.550622
0.646636
0.677889
0.552233
0.526936
0.774909
0.489852
0.631735
0.451210
0.398138
0.747957
0.664170
0.606554
0.543334
0.483954
0.593759
0.679429
0.867464
0.579813
0.746468
0.703898
0.649498
0.542821
0.429338
0.583732
0.667860
0.775669
0.851315
0.784868
0.823896
0.641661
0.609812
0.735556
0.587289
0.356198
0.440923
0.759434
0.719564
0.704129
0.718220
0.546324
0.657899
0.664237
0.515575
0.798951
0.453710
0.532930
0.643038
0.556210
0.666569
0.763668
0.564602
0.784607
0.498738
0.745796
0.550710
0.763795
0.506781
0.733976
0.532792
0.652744
0.539304
0.481757
0.477447
0.393195
0.591578
0.802760
0.475765
0.602955
0.480183
0.799657
0.592053
0.776333
0.608471
0.653972
0.545678
0.622882
0.836146
0.605567
0.746100
0.665033
0.718703
0.617137
0.663857
0.763362
0.594906
0.826043
0.710960
0.759842
0.521787
0.647366
0.597415
0.534291
0.468805
0.626072
0.677811
0.585525
0.439297
0.654330
0.853700
0.432478
0.737276
0.721685
0.601455
0.586380
0.658242
0.447561
0.754776
0.599863
0.444341
0.805713
0.357358
0.577157
0.587148
0.623987
0.762739
0.583042
0.757182
0.745949
0.614047
0.568313
0.507614
0.567056
0.750765
0.611262
0.490271
0.685435
0.635224
0.830510
0.749188
0.645990
0.826306
0.459690
0.657717
0.578201
0.628612
0.704254
0.551534
0.780548
0.508270
0.527800
0.864420
0.636750
0.623748
0.645027
0.705498
0.762840
0.421851
0.738335
0.475239
0.623136
0.621327
0.540876
0.725210
0.556121
0.436703
0.681423
0.680874
0.664751
0.535529
0.518193
0.395721
0.650010
0.363498
0.550998
0.660848
0.763153
0.549822
0.565454
0.446197
0.566085
0.682824
0.541350
0.639571
0.625881
0.563895
0.755916
0.592387
0.366255
0.544905
0.760230
0.709808
0.682350
0.586421
0.465503
0.336813
0.513195
0.687779
0.505537
0.513634
0.606015
0.618674
0.624385
0.770867
0.859249
0.398241
0.596129
0.785113
0.550944
0.507412
0.758451
0.571038
0.656332
0.754977
0.582368
0.610136
0.429572
0.582891
0.693057
0.653587
0.612431
0.500989
0.554964
0.692415
0.506636
0.761624
0.595489
0.708439
0.574046
0.635043
0.611065
0.630896
0.562143
0.780617
0.651174
0.726479
0.420782
0.546090
0.653698
0.418417
0.731934
0.641984
0.621629
0.666609
0.706479
0.718003
0.419875
0.847910
0.608534
0.672542
0.523000
0.617971
0.660219
0.436478
0.419573
0.553986
0.681548
0.571719
0.689941
0.581282
0.593411
0.538911
0.442670
0.589891
0.814140
0.611980
0.524481
0.782555
0.487789
0.486480
0.452272
0.569200
0.735400
0.687006
0.667759
0.348157
0.715890
0.410415
0.672586
0.787480
0.745253
0.698670
0.721204
0.628956
0.745826
0.631410
0.610954
0.411674
0.484441
0.355906
0.781388
0.509517
0.858031
0.602538
0.694535
0.648556
0.813638
0.838455
0.643501
0.572164
0.653391
0.692874
0.804815
0.761293
0.499933
0.608194
0.525740
0.575620
0.611508
0.439247
0.606845
0.533979
0.697995
0.406308
0.601940
0.569072
0.724972
0.443115
0.725151
0.601231
0.480910
0.481972
0.439399
0.543187
0.459087
0.570607
0.692208
0.551590
0.574276
0.602876
0.387437
0.807036
0.512213
0.682668
0.492137
0.692254
0.560017
0.426223
0.507033
0.505542
0.605684
0.697744
0.710476
0.774512
0.370954
0.623199
0.670245
0.717235
0.756070
0.439697
0.721464
0.559295
0.568410
0.401569
0.568589
0.515108
0.548160
0.564640
0.792890
0.588207
0.779983
0.647342
0.577127
0.820987
0.642090
0.564623
0.369869
0.512778
0.432788
0.432824
0.493331
0.620850
0.653211
0.566571
0.558860
0.591454
0.603102
0.539082
0.543387
0.729233
0.652892
0.534722
0.410727
0.585368
0.743857
0.782096
0.572616
0.539301
0.725891
0.671689
0.483028
0.449972
0.642151
0.442380
0.776150
0.579222
0.833514
0.668873
0.525865
0.756190
0.539189
0.614398
0.607863
0.519735
0.515613
0.607110
0.613859
0.746396
0.836625
0.618315
0.741178
0.698422
0.646018
0.639881
0.613633
0.738746
0.740033
0.464954
0.568129
0.419179
0.657722
0.516442
0.701600
0.500022
0.686778
0.742106
0.779150
0.795654
0.749910
0.650251
0.573814
0.556300
0.804463
0.372140
0.655141
0.822302
0.681847
0.837864
0.622454
0.529504
0.379318
0.657335
0.582657
0.451427
0.620651
0.544247
0.702006
0.570935
0.703035
0.790318
0.463641
0.711002
0.410367
0.461763
0.453619
0.739149
0.767921
0.497843
0.444591
0.493538
0.398074
0.819118
0.371850
0.460806
0.616562
0.471627
0.666863
0.763829
0.795926
0.697341
0.790936
0.642953
0.639204
0.474155
0.664711
0.548674
0.410749
0.828725
0.539138
0.396984
0.651580
0.644279
0.698582
0.789218
0.718216
0.584814
0.536553
0.570647
0.641002
0.816970
0.817134
0.652634
0.758662
0.657661
0.674584
0.811737
0.648504
0.723826
0.382125
0.737661
0.694477
0.824854
0.473553
0.824963
0.723990
0.555423
0.733314
0.546661
0.856447
0.803727
0.663411
0.592295
0.519951
0.510157
0.643980
0.511238
0.375507
0.454309
0.434908
0.805816
0.621864
0.721338
0.743561
0.756395
0.566243
0.455634
0.466040
0.780654
0.477127
0.686649
0.730213
0.585445
0.582734
0.401531
0.388807
0.580629
0.439006
0.490264
0.355340
0.595403
0.727096
0.617895
0.797544
0.579254
0.622391
0.590535
0.486240
0.575254
0.505838
0.492301
0.753061
0.588028
0.608835
0.488438
0.599643
0.447362
0.659944
0.537159
0.677038
0.701268
0.716021
0.621819
0.650922
0.831600
0.614159
0.807367
0.426796
0.394936
0.650407
0.738867
0.642839
0.566782
0.484284
0.442573
0.371626
0.488252
0.721866
0.683591
0.629290
0.498490
0.657832
0.613475
0.432014
0.615735
0.491827
0.751437
0.478556
0.816608
0.789383
0.326837
0.798373
0.575751
0.794847
0.763991
0.478959
0.746791
0.603640
0.738601
0.685011
0.751428
0.527524
0.775238
0.360872
0.850174
0.604627
0.515378
0.800436
0.507142
0.713370
0.470513
0.826486
0.499295
0.727160
0.653509
0.407049
0.433338
0.727965
0.737355
0.542967
0.686440
0.546965
0.663487
0.627987
0.495161
0.728379
0.808898
0.598868
0.413684
0.621378
0.520526
0.587179
0.442829
0.692077
0.480855
0.639126
0.761558
0.408291
0.552296
0.538610
0.589995
0.635341
0.565502
0.512769
0.488068
0.527281
0.813041
0.749987
0.389964
0.666051
0.383582
0.628135
0.514861
0.574288
0.680061
0.630248
0.459916
0.660607
0.374879
0.517173
0.521768
0.704297
0.648836
0.670510
0.308086
0.788988
0.580795
0.590865
0.417857
0.807125
0.685664
0.341898
0.494442
0.567825
0.644093
0.470680
0.638812
0.773294
0.604498
0.720654
0.475728
0.597941
0.354097
0.804466
0.727486
0.543041
0.462994
0.558170
0.550544
0.768715
0.586565
0.835368
0.686471
0.597074
0.641417
0.790437
0.638727
0.436610
0.632514
0.594016
0.659407
0.742593
0.318238
0.606117
0.534913
0.570132
0.470716
0.422309
0.759622
0.795629
0.548540
0.541392
0.428065
0.583749
0.537676
0.626317
0.574561
0.806060
0.384641
0.772003
0.503597
0.727995
0.622516
0.476835
0.740689
0.796656
0.745322
0.497294
0.566874
0.803196
0.514970
0.551102
0.623313
0.570377
0.577261
0.443496
0.628362
0.765872
0.697295
0.588439
0.556405
0.475832
0.604906
0.492660
0.607852
0.533564
0.596928
0.563287
0.317244
0.618767
0.535052
0.659442
0.558214
0.613471
0.664270
0.716540
0.629795
0.747268
0.729330
0.743374
0.667731
0.535096
0.737504
0.452074
0.355596
0.774861
0.554586
0.695934
0.828523
0.799566
0.621377
0.799640
0.390418
0.797762
0.638057
0.484247
0.651071
0.622527
0.770163
0.720895
0.365824
0.671112
0.543763
0.711971
0.680439
0.703764
0.583239
0.590461
0.689785
0.300615
0.730471
0.468320
0.457230
0.636983
0.791687
0.510927
0.553414
0.718029
0.534110
0.720405
0.563922
0.509307
0.557861
0.511680
0.565539
0.668103
0.718203
0.791393
0.689932
0.523977
0.475847
0.600487
0.605004
0.550313
0.548647
0.713100
0.594258
0.469136
0.630689
0.725896
0.763826
0.691673
0.408847
0.543323
0.412691
0.585787
0.813848
0.623353
0.545722
0.584676
0.441373
0.718219
0.483756
0.707001
0.613746
0.514495
0.556873
0.669942
0.761088
0.600654
0.681336
0.503456
0.821088
0.831815
0.611581
0.766448
0.499158
0.617044
0.656536
0.558630
0.617819
0.683079
0.356635
0.773136
0.517355
0.506246
0.565853
0.689097
0.462223
0.658506
0.526800
0.787237
0.491083
0.601034
0.697929
0.601078
0.469944
0.708732
0.682077
0.658473
0.633054
0.487469
0.682195
0.747200
0.460460
0.820126
0.544389
0.305693
0.615146
0.682082
0.749017
0.694973
0.649939
0.564250
0.710206
0.687600
0.704925
0.753855
0.666588
0.721496
0.608781
0.680157
0.525135
0.326313
0.720718
0.722075
0.583957
0.562517
0.476090
0.472933
0.751166
0.533648
0.577570
0.293001
0.651714
0.713559
0.600754
0.637748
0.623558
0.384693
0.567350
0.493248
0.484136
0.506700
0.365243
0.642444
0.678010
0.515795
0.463815
0.425369
0.788381
0.441566
0.534016
0.610613
0.728939
0.522448
0.609737
0.669378
0.694412
0.544525
0.490694
0.860722
0.606214
0.411532
0.389069
0.362275
0.795980
0.744737
0.593879
0.609278
0.494234
0.795773
0.454709
0.374096
0.748095
0.422099
0.675259
0.519590
0.605861
0.749072
0.492737
0.679750
0.657002
0.769137
0.535922
0.445710
0.381580
0.763240
0.333295
0.820911
0.502239
0.717877
0.441608
0.668474
0.491136
0.640240
0.599552
0.493507
0.563741
0.427600
0.570991
0.676075
0.437806
0.795184
0.638362
0.509192
0.573763
0.685812
0.588160
0.775820
0.631682
0.628917
0.491793
0.586975
0.503957
0.715798
0.625053
0.838283
0.744439
0.357973
0.700216
0.637249
0.600984
0.889500
0.650819
0.515443
0.683072
0.660207
0.612315
0.514003
0.569222
0.724574
0.628709
0.521065
0.675210
0.797996
0.640723
0.569046
0.611307
0.567770
0.843569
0.613999
0.808927
0.555361
0.558631
0.491569
0.553436
0.492570
0.605969
0.595352
0.390264
0.609423
0.661912
0.658224
0.361446
0.706345
0.310587
0.618920
0.480624
0.402010
0.831389
0.690242
0.602050
0.744684
0.549192
0.782969
0.863575
0.634350
0.642867
0.666888
0.469424
0.497841
0.486343
0.553848
0.789734
0.852090
0.636691
0.709573
0.512006
0.873309
0.884717
0.800595
0.531110
0.692593
0.614022
0.418436
0.587403
0.584162
0.614768
0.553317
0.591994
0.851366
0.808722
0.532209
0.613879
0.391379
0.338826
0.625362
0.683931
0.646032
0.509707
0.789379
0.546534
0.657811
0.615330
0.456935
0.589011
0.419212
0.498413
0.495662
0.755517
0.848806
0.537818
0.684486
0.521827
0.482355
0.840551
0.693600
0.822072
0.581290
0.401790
0.680744
0.461436
0.570350
0.536121
0.679491
0.489982
0.401452
0.689935
0.589080
0.368453
0.591244
0.759615
0.595752
0.632213
0.357093
0.543279
0.671666
0.686801
0.853090
0.515829
0.669139
0.468927
0.686277
0.782739
0.622968
0.580556
0.669976
0.733743
0.634104
0.607490
0.568544
0.433619
0.771414
0.681857
0.557998
0.753827
0.614277
0.451327
0.657424
0.508756
0.735908
0.635104
0.398675
0.818939
0.673152
0.592754
0.402924
0.575730
0.701919
0.516697
0.612177
0.380810
0.463117
0.572733
0.379403
0.763206
0.649190
0.754707
0.611734
0.643336
0.687275
0.677311
0.461961
0.606354
0.387573
0.723979
0.745272
0.552954
0.502721
0.626912
0.821973
0.496715
0.646769
0.404496
0.611143
0.658652
0.662025
0.625587
0.450562
0.620452
0.479225
0.729754
0.612457
0.752631
0.805606
0.622722
0.825249
0.652815
0.676608
0.813109
0.519559
0.479059
0.602139
0.555772
0.794513
0.699697
0.756564
0.730115
0.598457
0.745687
0.563455
0.718439
0.452286
0.536755
0.498037
0.603664
0.407982
0.539023
0.566871
0.482243
0.606846
0.623499
0.586974
0.549341
0.673415
0.643738
0.590319
0.585150
0.729210
0.378553
0.596898
0.761513
0.870096
0.664813
0.473048
0.548058
0.855825
0.778120
0.735115
0.478816
0.740044
0.480948
0.702363
0.588771
0.476737
0.732147
0.764268
0.361571
0.644368
0.530317
0.851179
0.464937
0.827580
0.629622
0.509368
0.558241
0.582355
0.652055
0.618564
0.634335
0.525381
0.681751
0.666418
0.728190
0.534389
0.646519
0.490779
0.733023
0.677055
0.617249
0.508474
0.466531
0.376578
0.669260
0.594585
0.787479
0.525919
0.520264
0.604848
0.493753
0.522361
0.417013
0.590932
0.493089
0.645909
0.445693
0.623639
0.565464
0.711848
0.520765
0.678439
0.362907
0.565109
0.486227
0.639983
0.732539
0.545391
0.668030
0.576978
0.627029
0.734670
0.559719
0.666626
0.656751
0.851725
0.740342
0.584568
0.425095
0.854780
0.559645
0.547715
0.519102
0.347847
0.365411
0.779072
0.574844
0.525065
0.876550
0.383555
0.629560
0.612382
0.568374
0.809114
0.505926
0.875909
0.697051
0.799280
0.639225
0.868260
0.610062
0.607379
0.754065
0.486429
0.604858
0.441748
0.624386
0.531376
0.409983
0.566373
0.590789
0.659030
0.725728
0.610269
0.582597
0.761983
0.523991
0.746787
0.682470
0.635035
0.516230
0.444693
0.778070
0.603712
0.481500
0.627990
0.586547
0.546877
0.590464
0.494249
0.447534
0.667549
0.516777
0.728456
0.723230
0.785549
0.764525
0.557583
0.534123
0.741683
0.799425
0.555418
0.587533
0.426700
0.738446
0.573467
0.664590
0.397823
0.664817
0.514508
0.451296
0.519766
0.759425
0.505866
0.627050
0.628610
0.568026
0.808421
0.384140
0.694306
0.505017
0.715725
0.712193
0.625333
0.800777
0.414644
0.823736
0.783764
0.747335
0.717021
0.751181
0.564972
0.526027
0.626359
0.479069
0.630838
0.715125
0.801085
0.430551
0.847268
0.487516
0.539118
0.757940
0.352476
0.626148
0.579385
0.661461
0.447228
0.763589
0.624228
0.628895
0.608157
0.507326
0.456654
0.634945
0.750971
0.337652
0.695770
0.677948
0.541912
0.641009
0.403257
0.496708
0.580104
0.599705
0.690374
0.495505
0.679276
0.540889
0.633407
0.518399
0.660430
0.373541
0.703025
0.809578
0.463899
0.509060
0.584550
0.663374
0.512128
0.787974
0.671301
0.625564
0.511264
0.595399
0.530782
0.754615
0.306678
0.693555
0.619212
0.752115
0.631287
0.526507
0.591073
0.604841
0.654345
0.606291
0.678639
0.596598
0.844721
0.648006
0.465154
0.509002
0.565150
0.776182
0.829306
0.644126
0.547702
0.565725
0.538836
0.805536
0.564753
0.590971
0.601415
0.613150
0.590687
0.622102
0.756366
0.338021
0.745561
0.424993
0.517401
0.517709
0.689052
0.666797
0.861252
0.796714
0.488566
0.867538
0.580585
0.546927
0.670682
0.452621
0.449134
0.815382
0.837360
0.520379
0.466121
0.664680
0.548782
0.662214
0.542426
0.544377
0.406276
0.581367
0.509484
0.575779
0.338300
0.694312
0.772116
0.500482
0.604099
0.661194
0.590796
0.724892
0.597481
0.722049
0.659154
0.609901
0.638362
0.441309
0.444324
0.850937
0.487936
0.613440
0.715767
0.368833
0.564619
0.704007
0.527495
0.664518
0.543578
0.613634
0.695732
0.525768
0.367825
0.467168
0.613787
0.650768
0.428407
0.708526
0.454440
0.346372
0.713754
0.717616
0.498756
0.716880
0.362627
0.854956
0.518633
0.887281
0.557214
0.608317
0.474644
0.783239
0.510060
0.590839
0.821792
0.628257
0.643670
0.487469
0.632347
0.589684
0.792323
0.313296
0.597645
0.769543
0.803891
0.781967
0.500270
0.591383
0.763016
0.674264
0.794460
0.772381
0.721124
0.685735
0.570840
0.555792
0.694163
0.518206
0.340976
0.614597
0.680057
0.679140
0.673489
0.472607
0.569268
0.667399
0.527635
0.756656
0.699903
0.436225
0.692456
0.509557
0.686308
0.561070
0.606201
0.599493
0.815700
0.467513
0.409307
0.634612
0.541860
0.527089
0.660927
0.437443
0.679552
0.553066
0.472935
0.338646
0.463959
0.477590
0.638364
0.456548
0.416820
0.536003
0.779976
0.503576
0.819273
0.523037
0.493311
0.653493
0.328493
0.622161
0.696175
0.386135
0.315191
0.788856
0.565037
0.744016
0.542657
0.587845
0.504082
0.719808
0.424179
0.593902
0.715747
0.623368
0.730679
0.562040
0.523526
0.672433
0.513247
0.602535
0.707620
0.525287
0.619787
0.814880
0.336992
0.725249
0.639310
0.624668
0.746666
0.388986
0.539355
0.542065
0.413562
0.650510
0.804805
0.791971
0.669854
0.663043
0.518777
0.521000
0.599044
0.798827
0.464424
0.739111
0.486850
0.668672
0.694909
0.711582
0.508484
0.479143
0.638601
0.655469
0.671218
0.524701
0.391916
0.556876
0.629580
0.512184
0.405050
0.848271
0.591443
0.476013
0.495987
0.676687
0.569859
0.514368
0.696365
0.432930
0.449797
0.655945
0.760769
0.383411
0.844657
0.460784
0.686981
0.526023
0.570497
0.678688
0.469231
0.501755
0.837460
0.509285
0.670982
0.867997
0.732976
0.637866
0.718690
0.521277
0.529112
0.494506
0.521236
0.798173
0.561492
0.556780
0.596914
0.760393
0.589443
0.691217
0.836837
0.680658
0.465316
0.649494
0.865731
0.631835
0.587070
0.873633
0.748236
0.383575
0.548410
0.716295
0.630175
0.594064
0.626215
0.619688
0.719047
0.647995
0.487351
0.605317
0.581859
0.520500
0.485977
0.623089
0.723154
0.579970
0.465497
0.732809
0.518740
0.531906
0.677945
0.532795
0.662870
0.632168
0.718907
0.832841
0.874378
0.499401
0.546661
0.665594
0.554648
0.418208
0.793768
0.636474
0.503973
0.628497
0.800318
0.684388
0.620078
0.776764
0.631184
0.409349
0.781406
0.564381
0.502200
0.578817
0.484114
0.615984
0.715812
0.674456
0.575872
0.543363
0.702607
0.427893
0.507297
0.526160
0.548462
0.500991
0.776174
0.559532
0.647703
0.558275
0.732521
0.554141
0.710680
0.723875
0.681985
0.539147
0.601995
0.656946
0.524819
0.401771
0.648556
0.667823
0.646278
0.500307
0.443854
0.760024
0.605688
0.696102
0.539303
0.554280
0.479326
0.517269
0.618018
0.587755
0.682973
0.395250
0.602399
0.446814
0.755371
0.541788
0.475776
0.817360
0.641941
0.617466
0.801815
0.578000
0.715405
0.711145
0.645839
0.540412
0.471617
0.410173
0.672565
0.399826
0.428354
0.533106
0.804164
0.766250
0.609959
0.661866
0.684886
0.713694
0.493668
0.689181
0.554275
0.634182
0.656862
0.694258
0.470465
0.682583
0.494624
0.809528
0.464986
0.580546
0.653060
0.650463
0.499476
0.524692
0.436712
0.678573
0.430907
0.565499
0.788788
0.361332
0.347694
0.764629
0.787082
0.571837
0.542829
0.530547
0.497398
0.805008
0.710538
0.747330
0.480498
0.535272
0.501715
0.609878
0.601964
0.654699
0.524693
0.677676
0.546339
0.463139
0.547068
0.473099
0.548372
0.770786
0.351233
0.770122
0.515394
0.708833
0.602218
0.699000
0.785242
0.478516
0.730275
0.677754
0.707465
0.575177
0.725304
0.447944
0.743578
0.791717
0.632924
0.755131
0.525591
0.743658
0.575546
0.683631
0.447438
0.396308
0.362082
0.456114
0.458218
0.500698
0.547395
0.732215
0.528497
0.557503
0.526537
0.662898
0.625204
0.566757
0.686372
0.568474
0.819389
0.554969
0.666116
0.541673
0.670893
0.561229
0.477841
0.589764
0.683112
0.356182
0.757914
0.520801
0.743069
0.552464
0.440186
0.470973
0.736210
0.682676
0.610235
0.553241
0.644408
0.658658
0.451339
0.592641
0.525571
0.721949
0.588623
0.819401
0.495859
0.521019
0.591446
0.619106
0.478366
0.514441
0.674206
0.559568
0.646793
0.579344
0.737905
0.634584
0.690618
0.844708
0.652014
0.557915
0.513700
0.414062
0.839681
0.507798
0.462788
0.594100
0.565745
0.389947
0.622830
0.764177
0.791472
0.585170
0.691753
0.590030
0.559379
0.692420
0.587737
0.687289
0.323554
0.619962
0.361505
0.617744
0.815339
0.677101
0.629785
0.674346
0.458017
0.687382
0.649187
0.570735
0.581803
0.482631
0.505234
0.641480
0.763477
0.524828
0.594756
0.610259
0.411664
0.665860
0.527950
0.722931
0.619363
0.360482
0.362596
0.539640
0.637214
0.621811
0.625889
0.685529
0.802929
0.726785
0.614450
0.560206
0.500827
0.679630
0.578106
0.483544
0.512909
0.472570
0.631893
0.651050
0.536264
0.461243
0.535169
0.666172
0.424179
0.631147
0.698587
0.515735
0.645674
0.527481
0.701591
0.663365
0.869476
0.550196
0.672665
0.502512
0.409292
0.528408
0.521562
0.493976
0.436287
0.614050
0.604245
0.739110
0.707388
0.772773
0.645867
0.623421
0.680935
0.636385
0.262908
0.571729
0.762914
0.493459
0.536706
0.599665
0.628497
0.641374
0.618766
0.620048
0.691029
0.673127
0.579620
0.620247
0.702883
0.692475
0.804155
0.683213
0.669815
0.636141
0.427227
0.621659
0.658241
0.411725
0.531883
0.789590
0.651127
0.610751
0.778096
0.460147
0.479443
0.548733
0.727995
0.487747
0.429685
0.510310
0.890864
0.564621
0.664044
0.796439
0.628908
0.586659
0.598132
0.555613
0.473587
0.580103
0.342901
0.645900
0.296657
0.439461
0.616224
0.605232
0.581427
0.623969
0.403110
0.518172
0.438432
0.331075
0.666337
0.340357
0.802033
0.843546
0.640041
0.488657
0.500301
0.726799
0.626071
0.580379
0.788273
0.796303
0.752879
0.429464
0.700714
0.468398
0.580810
0.695575
0.606898
0.572975
0.623992
0.632408
0.631971
0.472613
0.510023
0.771987
0.758921
0.619598
0.682236
0.711117
0.683199
0.561600
0.533752
0.722858
0.627605
0.517225
0.513328
0.652847
0.565598
0.731897
0.602663
0.802901
0.763571
0.697016
0.598032
0.599705
0.588628
0.557401
0.743538
0.701072
0.512433
0.501708
0.610120
0.546408
0.592010
0.755530
0.773514
0.750932
0.461896
0.700330
0.442459
0.738868
0.713180
0.485456
0.598176
0.575166
0.356726
0.620911
0.568856
0.328320
0.414841
0.768075
0.594987
0.543875
0.870703
0.756768
0.666809
0.649357
0.832805
0.579014
0.628011
0.685517
0.621854
0.658341
0.704135
0.568441
0.651752
0.672368
0.684915
0.413432
0.785844
0.411199
0.603059
0.439597
0.549259
0.711101
0.670528
0.457920
0.656128
0.607070
0.692410
0.567081
0.578828
0.640044
0.505605
0.418361
0.790802
0.442414
0.530756
0.813055
0.523225
0.584211
0.633465
0.483354
0.572272
0.774958
0.800511
0.571676
0.697419
0.623558
0.707956
0.554608
0.563376
0.686227
0.610250
0.619481
0.503238
0.541139
0.715900
0.527607
0.592219
0.589561
0.793999
0.624245
0.538201
0.591380
0.741868
0.724563
0.651748
0.758874
0.620762
0.840434
0.517815
0.454405
0.551285
0.386866
0.609399
0.724440
0.450699
0.584821
0.679868
0.757559
0.617344
0.647905
0.701086
0.520882
0.676301
0.719718
0.473886
0.318280
0.544431
0.565394
0.670945
0.619270
0.674946
0.701898
0.593994
0.557957
0.641619
0.566195
0.605603
0.693015
0.487216
0.704466
0.671968
0.540131
0.537777
0.568470
0.596003
0.683774
0.737606
0.408733
0.685413
0.690238
0.487467
0.466100
0.720382
0.381359
0.653213
0.558720
0.515158
0.555924
0.573129
0.610095
0.660602
0.795716
0.341534
0.716417
0.849896
0.577051
0.371067
0.722724
0.542305
0.856966
0.531059
0.874575
0.585920
0.737268
0.412284
0.719176
0.472145
0.785354
0.539090
0.614522
0.775095
0.516910
0.670615
0.609374
0.853442
0.455786
0.562284
0.493744
0.470704
0.779612
0.555069
0.536931
0.663265
0.575222
0.552388
0.595917
0.608922
0.434186
0.647585
0.498796
0.531883
0.525903
0.528510
0.498789
0.281184
0.752785
0.797684
0.376196
0.577315
0.737059
0.644644
0.776129
0.536772
0.633694
0.679040
0.664356
0.810109
0.537025
0.709418
0.511705
0.684446
0.728250
0.516717
0.474959
0.581300
0.371705
0.650977
0.566349
0.625695
0.495656
0.671513
0.442578
0.522791
0.581511
0.481460
0.733406
0.493835
0.525328
0.640007
0.634093
0.613946
0.607155
0.579675
0.791500
0.667063
0.508922
0.750519
0.651635
0.719168
0.411670
0.423016
0.532498
0.338093
0.749378
0.447442
0.409642
0.605281
0.523902
0.489077
0.698334
0.458400
0.555598
0.595882
0.614986
0.557692
0.604891
0.483093
0.612787
0.539607
0.684740
0.685350
0.716821
0.767153
0.544014
0.471282
0.547056
0.716618
0.519410
0.769074
0.421959
0.601450
0.517690
0.583225
0.492500
0.726688
0.421670
0.583293
0.354093
0.415968
0.666636
0.568538
0.612315
0.524219
0.510505
0.574827
0.671457
0.628299
0.683385
0.376984
0.462297
0.449523
0.285346
0.519602
0.383400
0.604986
0.600485
0.672792
0.492430
0.329698
0.692693
0.604727
0.515226
0.711329
0.797877
0.617874
0.835384
0.688022
0.585954
0.614275
0.814869
0.605838
0.506184
0.784590
0.430109
0.730205
0.375766
0.594402
0.579752
0.733721
0.542707
0.687665
0.421406
0.380147
0.584980
0.757614
0.667127
0.587468
0.823029
0.757450
0.492227
0.564593
0.414474
0.833406
0.600465
0.764692
0.670895
0.333082
0.586606
0.653510
0.801522
0.558418
0.662348
0.737165
0.775679
0.665199
0.695292
0.516686
0.716252
0.710520
0.709181
0.518861
0.527261
0.441349
0.685469
0.657533
0.561146
0.680330
0.586136
0.779444
0.707951
0.672507
0.727114
0.583207
0.558993
0.892068
0.586107
0.479426
0.745688
0.485590
0.743251
0.400753
0.351863
0.768497
0.757296
0.429536
0.558050
0.476427
0.406811
0.866537
0.547893
0.566826
0.515458
0.759283
0.737666
0.640685
0.526107
0.785593
0.471219
0.363985
0.623744
0.570899
0.537951
0.794458
0.502406
0.531078
0.562797
0.715889
0.605939
0.855964
0.616687
0.721094
0.494035
0.668702
0.563378
0.671130
0.657216
0.612441
0.546273
0.595076
0.656266
0.417133
0.554229
0.616623
0.433370
0.635304
0.681071
0.730786
0.704990
0.798971
0.446467
0.514252
0.491959
0.585286
0.576757
0.485710
0.627293
0.494888
0.449899
0.632662
0.408053
0.829546
0.365508
0.619365
0.620632
0.650387
0.516797
0.636416
0.644854
0.388143
0.515916
0.669016
0.523888
0.457061
0.612816
0.422200
0.688281
0.457073
0.714162
0.554794
0.787102
0.864759
0.570479
0.542235
0.524482
0.529580
0.556090
0.719519
0.604719
0.633473
0.723121
0.686894
0.536683
0.351567
0.387977
0.650428
0.633273
0.681013
0.740529
0.495085
0.598660
0.649579
0.387085
0.755446
0.635259
0.583710
0.600455
0.801504
0.395426
0.789759
0.616332
0.575681
0.755725
0.540225
0.676425
0.566852
0.598663
0.615895
0.617534
0.404314
0.370079
0.724515
0.731588
0.615022
0.607494
0.672558
0.813722
0.362529
0.538301
0.817397
0.584239
0.554090
0.728039
0.570190
0.696213
0.818925
0.620972
0.707724
0.436418
0.640140
0.544912
0.564985
0.496748
0.766868
0.671987
0.526410
0.542779
0.701796
0.492457
0.484566
0.826652
0.652922
0.364340
0.690269
0.606158
0.624726
0.539740
0.656869
0.595275
0.460921
0.491245
0.537858
0.803796
0.622467
0.762749
0.742658
0.713762
0.556096
0.674863
0.746192
0.455799
0.484963
0.498081
0.616380
0.454779
0.406067
0.667351
0.757728
0.675201
0.481108
0.627521
0.440367
0.552412
0.662732
0.689122
0.659715
0.621870
0.362084
0.709722
0.573172
0.692094
0.576362
0.609396
0.677834
0.858508
0.769145
0.597250
0.619951
0.460642
0.586002
0.492723
0.514413
0.484228
0.560906
0.361976
0.571348
0.680031
0.517131
0.826703
0.639100
0.677968
0.598355
0.775703
0.622773
0.769955
0.451120
0.690810
0.401199
0.703718
0.538243
0.806274
0.659091
0.631328
0.540375
0.439986
0.561443
0.709241
0.688637
0.741366
0.593606
0.447950
0.779961
0.408419
0.615248
0.583445
0.671972
0.579263
0.603009
0.545291
0.688123
0.652262
0.742468
0.497626
0.656698
0.507921
0.684439
0.524761
0.570491
0.533411
0.759622
0.630868
0.685815
0.684520
0.570110
0.551155
0.539506
0.663861
0.479407
0.539993
0.758816
0.852616
0.673431
0.666252
0.591103
0.575514
0.663582
0.533700
0.650311
0.844347
0.523304
0.729820
0.565133
0.677607
0.761555
0.662705
0.589385
0.542635
0.523271
0.778752
0.694892
0.374152
0.841851
0.824482
0.717557
0.694422
0.472508
0.713283
0.507173
0.635894
0.341942
0.514187
0.548480
0.640251
0.480217
0.597758
0.706184
0.491629
0.612249
0.378615
0.454824
0.335931
0.752491
0.519564
0.466028
0.638156
0.643853
0.579367
0.575094
0.766929
0.757396
0.379698
0.573423
0.574233
0.581131
0.473552
0.451531
0.637636
0.688056
0.754437
0.575339
0.633774
0.791695
0.593377
0.492300
0.566506
0.524054
0.745332
0.522439
0.640917
0.744306
0.471703
0.766972
0.726427
0.670649
0.519746
0.382160
0.735706
0.561378
0.613332
0.560387
0.814142
0.666891
0.707671
0.571063
0.683247
0.422091
0.474034
0.722013
0.464739
0.513014
0.665029
0.498528
0.754654
0.551081
0.562820
0.757641
0.863262
0.709381
0.533878
0.575920
0.532767
0.610466
0.530505
0.538984
0.537649
0.594062
0.704256
0.581633
0.438683
0.455849
0.683390
0.631271
0.553125
0.570396
0.591404
0.795667
0.411964
0.759383
0.362167
0.647906
0.650492
0.601421
0.539576
0.830828
0.496556
0.724787
0.672233
0.690705
0.643698
0.630657
0.449649
0.488859
0.623487
0.494605
0.631849
0.660586
0.369323
0.507859
0.557227
0.438301
0.525931
0.500554
0.754294
0.512980
0.381834
0.553233
0.509280
0.540474
0.552091
0.764244
0.732577
0.564602
0.869850
0.760239
0.527005
0.390866
0.776749
0.510972
0.376563
0.653942
0.604140
0.666949
0.834770
0.348557
0.451835
0.303495
0.592990
0.496508
0.803266
0.759640
0.570977
0.382643
0.546924
0.617531
0.400097
0.422585
0.537472
0.449596
0.712863
0.612390
0.682299
0.790759
0.662895
0.508766
0.349148
0.624868
0.636473
0.714727
0.525123
0.776322
0.702197
0.594590
0.656778
0.688940
0.639356
0.548320
0.538532
0.418429
0.808977
0.774765
0.778809
0.746388
0.794997
0.324465
0.409032
0.802578
0.502907
0.514300
0.590719
0.756772
0.615970
0.500001
0.399939
0.372090
0.491049
0.501832
0.459901
0.598259
0.338368
0.440131
0.521187
0.539086
0.553212
0.546561
0.558589
0.713293
0.566308
0.646086
0.430138
0.667610
0.573675
0.785977
0.566171
0.574054
0.655730
0.442786
0.592184
0.600143
0.411869
0.761479
0.696934
0.593239
0.616624
0.609306
0.728809
0.848516
0.670497
0.487025
0.523534
0.400712
0.774562
0.511513
0.462948
0.718012
0.551997
0.530159
0.497328
0.509914
0.764240
0.512320
0.646347
0.488373
0.428317
0.632376
0.622524
0.704780
0.725004
0.660344
0.472844
0.722739
0.570311
0.383099
0.604680
0.535699
0.559609
0.658430
0.744643
0.604413
0.378682
0.534187
0.795112
0.533031
0.542155
0.553895
0.744461
0.805725
0.444613
0.651159
0.276023
0.392105
0.749966
0.656480
0.717785
0.629537
0.520517
0.566195
0.469580
0.714649
0.517433
0.448048
0.478803
0.718995
0.504642
0.568600
0.671110
0.560727
0.419186
0.649549
0.744923
0.445136
0.513104
0.773957
0.543098
0.768697
0.376614
0.533335
0.633007
0.544198
0.754294
0.671755
0.587025
0.600097
0.688442
0.702719
0.596443
0.541451
0.575005
0.659454
0.558004
0.798258
0.724352
0.668006
0.400182
0.499299
0.798838
0.582166
0.759525
0.691229
0.663775
0.336278
0.565341
0.337517
0.715831
0.668937
0.564923
0.338797
0.670792
0.525848
0.730457
0.796663
0.512441
0.665950
0.607469
0.473134
0.717803
0.510233
0.623235
0.594601
0.707859
0.620925
0.670522
0.486743
0.837383
0.720808
0.600101
0.412084
0.411967
0.667900
0.521362
0.549470
0.486240
0.501610
0.472873
0.683289
0.466080
0.574707
0.407910
0.808220
0.462550
0.389061
0.586584
0.841858
0.470627
0.681698
0.519276
0.864062
0.564760
0.430726
0.429682
0.557189
0.677139
0.710977
0.599618
0.552113
0.478740
0.571941
0.751557
0.400067
0.741457
0.382571
0.671469
0.752082
0.450154
0.734126
0.442666
0.431371
0.726131
0.666926
0.542325
0.514327
0.751353
0.488753
0.693389
0.693674
0.615085
0.525569
0.615408
0.650778
0.414445
0.615297
0.601520
0.774214
0.660954
0.432696
0.727539
0.436960
0.710731
0.352639
0.648062
0.459159
0.486696
0.664831
0.717284
0.728658
0.632745
0.574560
0.555922
0.624228
0.450544
0.600796
0.671876
0.505300
0.774933
0.489035
0.595923
0.843692
0.535600
0.751121
0.494249
0.759078
0.490131
0.592636
0.434924
0.576548
0.387455
0.828017
0.710436
0.700736
0.673322
0.425370
0.487719
0.400022
0.533280
0.526294
0.629668
0.652747
0.622794
0.637436
0.650209
0.761148
0.527566
0.511531
0.720343
0.533448
0.390477
0.754002
0.806371
0.661883
0.608035
0.619226
0.658527
0.589502
0.696850
0.563581
0.539213
0.659274
0.536742
0.493951
0.810709
0.490359
0.414929
0.719691
0.831788
0.382754
0.834836
0.208458
0.449310
0.709109
0.640173
0.697028
0.393464
0.503207
0.391150
0.552949
0.748434
0.810545
0.647533
0.698251
0.456450
0.514850
0.568031
0.474398
0.483364
0.306894
0.535496
0.505886
0.548981
0.762220
0.485928
0.650712
0.654255
0.526647
0.808546
0.409624
0.432306
0.664987
0.819044
0.658022
0.741554
0.697872
0.451830
0.606050
0.393686
0.487626
0.654658
0.571594
0.513553
0.481361
0.593735
0.793874
0.600795
0.680623
0.446174
0.478074
0.833012
0.647072
0.672489
0.483133
0.592218
0.662761
0.702387
0.570615
0.553728
0.540712
0.396941
0.424070
0.477160
0.725733
0.304198
0.572961
0.460182
0.662614
0.523747
0.607482
0.741493
0.645803
0.431209
0.717445
0.526681
0.362852
0.569190
0.545683
0.666982
0.651538
0.635582
0.823298
0.506144
0.765889
0.369485
0.627081
0.471032
0.412520
0.513527
0.681641
0.598729
0.695742
0.710784
0.498101
0.662174
0.806978
0.691226
0.654154
0.674487
0.507166
0.356601
0.380375
0.644367
0.665737
0.799788
0.707297
0.554972
0.635524
0.647608
0.778414
0.464779
0.684750
0.473071
0.513586
0.614254
0.857699
0.729090
0.657966
0.581369
0.588377
0.703462
0.614399
0.561867
0.576050
0.735102
0.487191
0.540877
0.608628
0.539146
0.566072
0.395291
0.683514
0.726785
0.527407
0.628389
0.518137
0.549981
0.669809
0.435571
0.874075
0.411999
0.670600
0.541424
0.476427
0.440815
0.408803
0.536414
0.556502
0.625136
0.531346
0.675991
0.493582
0.666781
0.717264
0.670000
0.573202
0.778900
0.447241
0.680612
0.643710
0.805267
0.367587
0.551303
0.322034
0.649774
0.612831
0.428753
0.579659
0.624729
0.640875
0.596424
0.610973
0.401584
0.653185
0.615828
0.488560
0.526386
0.464075
0.501563
0.616100
0.732999
0.648247
0.668636
0.711473
0.629841
0.592220
0.524693
0.721055
0.479499
0.630769
0.535179
0.821014
0.616417
0.529578
0.453116
0.686010
0.457568
0.423828
0.815723
0.631797
0.477032
0.440994
0.489830
0.531380
0.582853
0.613743
0.529496
0.485630
0.582932
0.574915
0.764499
0.577282
0.789869
0.569393
0.759119
0.506704
0.527213
0.545943
0.767061
0.814143
0.529046
0.652907
0.408019
0.762784
0.602565
0.626519
0.783656
0.457188
0.552323
0.473955
0.551472
0.588769
0.634992
0.608127
0.584198
0.709300
0.796474
0.762363
0.610332
0.682026
0.538038
0.543448
0.796718
0.631652
0.612642
0.359269
0.606152
0.764320
0.766488
0.765961
0.484111
0.521209
0.588726
0.479551
0.416077
0.671051
0.351349
0.427285
0.683173
0.688846
0.721881
0.642581
0.696578
0.858033
0.390054
0.485771
0.415303
0.321998
0.655605
0.329867
0.830857
0.573284
0.478014
0.837249
0.569176
0.477783
0.732799
0.584468
0.443359
0.638451
0.360465
0.557990
0.578519
0.570350
0.490194
0.481774
0.358640
0.666873
0.644591
0.617809
0.674998
0.753638
0.630147
0.606588
0.659616
0.509202
0.488584
0.320360
0.632291
0.564324
0.894253
0.593372
0.555532
0.560290
0.604255
0.572898
0.492226
0.700922
0.741760
0.522926
0.680830
0.479404
0.656717
0.582933
0.561074
0.418816
0.819787
0.661934
0.623973
0.630698
0.628471
0.723530
0.819652
0.691149
0.595357
0.575794
0.694642
0.603045
0.544439
0.788314
0.706664
0.745257
0.856154
0.654631
0.521962
0.411077
0.617230
0.746200
0.713195
0.759093
0.404827
0.625888
0.730433
0.590080
0.383679
0.524693
0.474647
0.614912
0.541681
0.611531
0.829412
0.563176
0.495542
0.613937
0.745758
0.731112
0.609262
0.642565
0.682176
0.663863
0.601505
0.670107
0.724953
0.521302
0.770887
0.495722
0.537740
0.472376
0.500652
0.613700
0.654550
0.472737
0.834830
0.517134
0.686499
0.777877
0.417193
0.532780
0.665389
0.629422
0.699343
0.509842
0.524204
0.558655
0.860928
0.693235
0.802922
0.609664
0.720529
0.828433
0.537687
0.618378
0.706828
0.485306
0.629293
0.716867
0.656353
0.649611
0.798356
0.593505
0.577621
0.367442
0.817554
0.495714
0.669527
0.634298
0.712683
0.553925
0.661726
0.733985
0.411539
0.687084
0.389097
0.757153
0.651510
0.631659
0.620948
0.546940
0.749586
0.633211
0.865454
0.711097
0.682952
0.608064
0.419036
0.789599
0.580800
0.448680
0.505142
0.703585
0.748569
0.605815
0.657380
0.712958
0.726975
0.494851
0.476448
0.730237
0.743880
0.644217
0.688248
0.383527
0.790078
0.530320
0.638028
0.528088
0.730419
0.547857
0.623609
0.690489
0.702829
0.584921
0.705890
0.542841
0.625860
0.492270
0.845991
0.567378
0.639594
0.601018
0.758218
0.580855
0.688431
0.614031
0.606598
0.546455
0.604581
0.616942
0.648775
0.530269
0.478839
0.757296
0.718993
0.535363
0.642076
0.395925
0.599123
0.505443
0.763272
0.381590
0.433985
0.531702
0.653895
0.566641
0.879910
0.696053
0.820980
0.753725
0.850320
0.621762
0.689362
0.520976
0.569022
0.708519
0.316749
0.639739
0.467627
0.539273
0.773379
0.588771
0.572258
0.478887
0.628066
0.634026
0.647407
0.728618
0.471419
0.755521
0.551174
0.535789
0.459676
0.661887
0.505914
0.452834
0.745500
0.734420
0.667456
0.610443
0.623552
0.586964
0.519777
0.549017
0.653692
0.683355
0.704456
0.472671
0.583366
0.767100
0.418178
0.594618
0.673195
0.649999
0.364449
0.572296
0.691761
0.804470
0.583080
0.714347
0.571242
0.625501
0.682077
0.637120
0.511723
0.778156
0.618809
0.394749
0.527319
0.402134
0.382021
0.456711
0.892802
0.445245
0.675368
0.507826
0.491907
0.615217
0.633988
0.640887
0.306426
0.782921
0.484171
0.608850
0.598780
0.434023
0.530008
0.683798
0.517893
0.701981
0.655130
0.498162
0.671019
0.817794
0.346065
0.795418
0.740835
0.529092
0.662784
0.636583
0.686503
0.526520
0.514509
0.461586
0.450251
0.545591
0.693377
0.566577
0.675258
0.416435
0.560251
0.710382
0.418777
0.727973
0.694999
0.419376
0.451938
0.502281
0.579036
0.634000
0.508533
0.442315
0.608723
0.425630
0.594635
0.861687
0.527798
0.405468
0.705559
0.383606
0.471485
0.425885
0.534345
0.695685
0.584518
0.630979
0.758326
0.370795
0.627810
0.643420
0.498433
0.602166
0.418761
0.635749
0.722239
0.749199
0.626346
0.777520
0.341936
0.625608
0.547940
0.795401
0.454697
0.609078
0.490068
0.554135
0.639541
0.495960
0.627141
0.678822
0.654803
0.687150
0.706606
0.718651
0.811599
0.682115
0.488203
0.676582
0.638641
0.605268
0.560301
0.495959
0.590062
0.847053
0.757888
0.453230
0.519638
0.796156
0.581930
0.693538
0.706873
0.546562
0.778685
0.440594
0.864715
0.489468
0.698059
0.719931
0.623582
0.552032
0.726547
0.889086
0.692708
0.656942
0.785272
0.675374
0.665055
0.529220
0.427099
0.575695
0.795073
0.649290
0.609627
0.510870
0.482040
0.518737
0.558821
0.728339
0.743100
0.524203
0.658911
0.622599
0.619595
0.420937
0.484786
0.815914
0.687505
0.765093
0.448245
0.453696
0.856648
0.693130
0.723839
0.645775
0.559251
0.460358
0.564403
0.527361
0.488040
0.684805
0.378448
0.669131
0.617741
0.670361
0.761606
0.458982
0.566669
0.669451
0.802456
0.664658
0.673887
0.746103
0.498157
0.647592
0.320785
0.541707
0.562648
0.479644
0.759144
0.642245
0.629992
0.679434
0.642803
0.811422
0.829026
0.832311
0.621245
0.541220
0.667785
0.566213
0.683888
0.586373
0.790008
0.507747
0.804012
0.629850
0.586156
0.523463
0.794707
0.677967
0.781584
0.598858
0.508318
0.707204
0.391347
0.814159
0.691434
0.680631
0.679384
0.499674
0.709279
0.496995
0.753616
0.591639
0.518216
0.612190
0.507751
0.502830
0.543414
0.694997
0.754521
0.828071
0.613632
0.712616
0.604160
0.571133
0.524900
0.383891
0.651408
0.695419
0.442571
0.367181
0.480732
0.650352
0.575092
0.798151
0.777712
0.514045
0.553397
0.470805
0.717766
0.519931
0.543288
0.658368
0.527656
0.677023
0.800247
0.601150
0.369412
0.668369
0.504536
0.569780
0.451726
0.472116
0.473909
0.470597
0.449503
0.490895
0.640667
0.514382
0.559387
0.808542
0.434141
0.612127
0.558929
0.549720
0.528791
0.533156
0.517817
0.576538
0.867326
0.467382
0.372868
0.512650
0.632350
0.556219
0.531810
0.816821
0.787897
0.573652
0.558902
0.588852
0.649997
0.677495
0.511355
0.545869
0.715063
0.594763
0.743810
0.662485
0.811953
0.478149
0.588359
0.494032
0.594502
0.608917
0.639748
0.842428
0.466793
0.732145
0.409474
0.736298
0.675034
0.750055
0.584241
0.741641
0.579061
0.443621
0.622893
0.513866
0.627156
0.426659
0.532950
0.727144
0.794962
0.804713
0.499239
0.484658
0.666870
0.597759
0.780313
0.432262
0.509014
0.587297
0.700895
0.543543
0.546107
0.788669
0.672043
0.747662
0.696986
0.737508
0.723678
0.496353
0.838640
0.664999
0.367177
0.556858
0.754818
0.743105
0.448255
0.767988
0.856154
0.519224
0.451714
0.626191
0.659818
0.567445
0.539523
0.659619
0.784415
0.565398
0.666833
0.379317
0.531043
0.691183
0.403706
0.492790
0.769257
0.567234
0.729940
0.706514
0.760590
0.618822
0.832548
0.562203
0.564602
0.605662
0.458429
0.596811
0.710665
0.574366
0.774949
0.817870
0.341259
0.613639
0.618548
0.524675
0.595796
0.719540
0.547262
0.613441
0.509190
0.641044
0.576665
0.483477
0.437930
0.501984
0.745091
0.446476
0.477550
0.362753
0.617344
0.742047
0.551186
0.567149
0.830831
0.465112
0.599206
0.666445
0.698801
0.844243
0.611263
0.742382
0.429026
0.474240
0.646127
0.629502
0.788314
0.618944
0.600782
0.684489
0.742895
0.687610
0.721707
0.484318
0.529324
0.811254
0.575885
0.585940
0.505627
0.380773
0.814983
0.742585
0.450891
0.635321
0.835539
0.618702
0.598059
0.750603
0.613782
0.773649
0.778964
0.640258
0.865195
0.619392
0.668022
0.511652
0.346846
0.739788
0.621623
0.553259
0.603695
0.553972
0.619483
0.774692
0.809670
0.791628
0.555532
0.875549
0.708703
0.602901
0.803197
0.592165
0.677086
0.530239
0.423841
0.667314
0.529035
0.468757
0.573859
0.611319
0.667472
0.528750
0.687594
0.616686
0.509049
0.699528
0.798074
0.516591
0.402286
0.660761
0.703606
0.693575
0.485506
0.594310
0.480952
0.799679
0.518186
0.535723
0.453569
0.829477
0.678811
0.468906
0.460874
0.763955
0.371440
0.754768
0.588641
0.691491
0.719021
0.779373
0.484870
0.611516
0.557471
0.527993
0.603700
0.672011
0.542213
0.740423
0.602602
0.624940
0.776869
0.698263
0.655641
0.672750
0.828991
0.534941
0.590378
0.672844
0.371072
0.666311
0.563278
0.677167
0.481339
0.522700
0.722625
0.580648
0.531160
0.609298
0.725779
0.558751
0.655896
0.591827
0.618969
0.718260
0.493985
0.581390
0.650296
0.775003
0.609105
0.670517
0.561748
0.749447
0.689378
0.505002
0.668806
0.577450
0.441048
0.706980
0.761538
0.588803
0.569776
0.526752
0.555948
0.511964
0.556635
0.651180
0.451389
0.405300
0.627090
0.480440
0.697306
0.607988
0.419337
0.846783
0.510902
0.624880
0.659827
0.870476
0.593982
0.592246
0.613838
0.670415
0.620409
0.596508
0.700129
0.544577
0.651937
0.777748
0.594251
0.618263
0.425573
0.744211
0.612301
0.661989
0.573124
0.623692
0.814022
0.512748
0.781832
0.579650
0.611904
0.504091
0.710324
0.500450
0.401908
0.809061
0.751499
0.399024
0.663581
0.355188
0.670279
0.686586
0.692624
0.828250
0.519622
0.523991
0.574682
0.539449
0.583664
0.460708
0.402144
0.787070
0.506971
0.758040
0.590520
0.557395
0.445358
0.636128
0.489062
0.473091
0.737873
0.770631
0.570884
0.400391
0.725826
0.717882
0.776708
0.533005
0.578873
0.475650
0.768918
0.462159
0.447433
0.516489
0.592582
0.435167
0.656289
0.678407
0.494955
0.607436
0.769431
0.699069
0.588840
0.739869
0.623211
0.631907
0.735916
0.748079
0.807003
0.544297
0.616437
0.361149
0.739164
0.706493
0.764573
0.696041
0.726465
0.581191
0.660822
0.753678
0.535512
0.675753
0.838205
0.558225
0.590281
0.604405
0.442019
0.648811
0.755159
0.680769
0.577660
0.714474
0.635141
0.514645
0.593499
0.711140
0.524392
0.649251
0.655742
0.669972
0.540786
0.306448
0.549213
0.732555
0.707885
0.544573
0.564572
0.548274
0.782461
0.549632
0.677913
0.683929
0.492464
0.604919
0.665282
0.409247
0.771291
0.607595
0.758604
0.604245
0.690097
0.440592
0.654142
0.749845
0.874471
0.579485
0.665504
0.412517
0.438413
0.596740
0.593057
0.733796
0.566028
0.506295
0.600424
0.572660
0.693949
0.630783
0.750985
0.629503
0.565182
0.516062
0.415457
0.611825
0.484436
0.554310
0.621058
0.526486
0.659387
0.574940
0.585632
0.771427
0.523549
0.589291
0.544405
0.583277
0.560636
0.780897
0.415011
0.783778
0.532305
0.534521
0.572894
0.682539
0.740589
0.706724
0.551876
0.649880
0.773329
0.600959
0.602755
0.709253
0.682790
0.771739
0.812323
0.657606
0.741756
0.587104
0.625684
0.576940
0.770046
0.581850
0.394670
0.560759
0.511834
0.602904
0.460765
0.638716
0.478033
0.538132
0.473746
0.597757
0.586615
0.757373
0.628674
0.510761
0.603026
0.646312
0.793214
0.582636
0.712338
0.448624
0.546814
0.671994
0.796247
0.692543
0.433312
0.779953
0.601643
0.665304
0.570507
0.903022
0.695855
0.450156
0.364874
0.804251
0.655071
0.385545
0.454523
0.598590
0.453443
0.517375
0.528027
0.784586
0.736448
0.718378
0.506181
0.420057
0.739065
0.572384
0.438420
0.721025
0.613819
0.625538
0.482000
0.729430
0.524197
0.768610
0.805370
0.556416
0.847436
0.480321
0.578388
0.622907
0.747686
0.706584
0.531873
0.512233
0.565744
0.532437
0.697057
0.306585
0.552460
0.658340
0.728333
0.563535
0.562169
0.702635
0.608288
0.675178
0.628567
0.644271
0.736789
0.561740
0.534070
0.675670
0.487175
0.543995
0.387023
0.520738
0.541879
0.426494
0.412481
0.537808
0.520888
0.667909
0.570001
0.694876
0.371201
0.450796
0.593746
0.759330
0.552359
0.422720
0.545916
0.749965
0.516488
0.584367
0.592773
0.620745
0.583906
0.779343
0.575782
0.792616
0.702058
0.665109
0.382164
0.557381
0.670871
0.707163
0.466894
0.533482
0.630800
0.563858
0.537120
0.397758
0.647765
0.534930
0.775289
0.815318
0.443321
0.824595
0.648344
0.791755
0.459771
0.645402
0.808036
0.730867
0.606819
0.466238
0.536388
0.564222
0.741572
0.794027
0.481306
0.831428
0.741637
0.621016
0.364820
0.587739
0.516241
0.746353
0.603681
0.602813
0.748847
0.742255
0.610638
0.560842
0.591931
0.558526
0.477365
0.620234
0.569344
0.738477
0.717529
0.505478
0.345094
0.504571
0.785159
0.617918
0.543868
0.614922
0.761392
0.728008
0.507161
0.571684
0.586009
0.466471
0.853833
0.558928
0.444341
0.824345
0.547005
0.486355
0.539758
0.791951
0.789444
0.483422
0.692409
0.591731
0.562090
0.818884
0.477384
0.559473
0.526140
0.824269
0.418898
0.507932
0.507021
0.568992
0.590349
0.655663
0.540653
0.476742
0.487859
0.681602
0.587972
0.775802
0.662582
0.468737
0.346993
0.499519
0.588007
0.430913
0.402982
0.635462
0.786435
0.489828
0.481497
0.584100
0.712569
0.585514
0.845559
0.685837
0.583345
0.719682
0.567012
0.648201
0.668159
0.638691
0.628276
0.453647
0.600122
0.829598
0.721450
0.481642
0.683526
0.354322
0.691193
0.566148
0.707042
0.632733
0.550082
0.668646
0.753199
0.765686
0.612090
0.590985
0.673130
0.441418
0.697128
0.493142
0.370343
0.589482
0.335786
0.605996
0.535575
0.715460
0.701995
0.690245
0.595833
0.807385
0.605861
0.501909
0.363769
0.457286
0.671605
0.788247
0.527854
0.701857
0.554088
0.755571
0.706630
0.489386
0.672877
0.576211
0.619749
0.743602
0.630582
0.714814
0.784594
0.655013
0.674521
0.736825
0.583237
0.570176
0.687432
0.630414
0.433894
0.645086
0.554425
0.650898
0.792507
0.563532
0.586822
0.499557
0.596699
0.532976
0.516762
0.536299
0.724414
0.406532
0.788313
0.808621
0.629989
0.635774
0.319804
0.619608
0.436109
0.561856
0.389818
0.483721
0.505053
0.485319
0.649082
0.583842
0.872221
0.632260
0.835004
0.758444
0.681911
0.750598
0.504692
0.610693
0.619682
0.844599
0.676381
0.737714
0.820323
0.603169
0.614914
0.803140
0.794414
0.537157
0.671872
0.530012
0.503805
0.808606
0.702998
0.872972
0.414150
0.667787
0.551788
0.645631
0.586617
0.631849
0.710844
0.595444
0.524303
0.686301
0.712772
0.738997
0.660124
0.644733
0.552238
0.610391
0.700203
0.619047
0.611759
0.777022
0.685042
0.391509
0.573501
0.603035
0.837255
0.631420
0.543347
0.536007
0.551741
0.539218
0.604870
0.663101
0.687301
0.613445
0.740968
0.504688
0.482442
0.681158
0.515660
0.566782
0.772735
0.532572
0.471438
0.814168
0.618912
0.665820
0.425309
0.574757
0.473535
0.595655
0.648783
0.496462
0.626583
0.689556
0.628783
0.648563
0.646558
0.702859
0.594269
0.619637
0.441308
0.498870
0.771724
0.678699
0.422351
0.793667
0.823430
0.484223
0.599149
0.739753
0.552329
0.413636
0.645562
0.816314
0.539644
0.866746
0.737136
0.515937
0.375097
0.575150
0.381832
0.724530
0.511614
0.482707
0.401298
0.499792
0.524340
0.580015
0.476736
0.777686
0.770110
0.446280
0.583723
0.662959
0.600713
0.761353
0.588953
0.362461
0.477420
0.670172
0.381640
0.591151
0.530942
0.728081
0.659518
0.713892
0.829305
0.473059
0.542501
0.727033
0.519018
0.562762
0.528086
0.625459
0.503910
0.421912
0.636251
0.540558
0.482394
0.401445
0.802607
0.475408
0.303158
0.542868
0.553265
0.565355
0.790282
0.757015
0.606716
0.815208
0.658242
0.497620
0.604100
0.665724
0.650041
0.779374
0.666123
0.691322
0.625088
0.717101
0.670253
0.525208
0.748453
0.684252
0.713195
0.331122
0.691683
0.768985
0.625564
0.709430
0.778731
0.843988
0.715138
0.664698
0.440550
0.563689
0.623427
0.672054
0.497569
0.469252
0.726429
0.488330
0.353535
0.819124
0.463523
0.850556
0.535586
0.939199
0.560277
0.618351
0.616738
0.659601
0.417908
0.803859
0.497328
0.715535
0.536409
0.707928
0.595078
0.537896
0.537176
0.532881
0.620396
0.519048
0.726944
0.703754
0.756512
0.836118
0.540168
0.580086
0.538915
0.658302
0.565403
0.664731
0.782539
0.764216
0.444913
0.583766
0.708196
0.535475
0.537932
0.550545
0.459344
0.521667
0.715225
0.448309
0.689494
0.825725
0.413431
0.752328
0.688770
0.480257
0.536515
0.626557
0.679527
0.469224
0.703615
0.490885
0.726748
0.690763
0.621523
0.545219
0.591040
0.597382
0.582589
0.678961
0.413698
0.667240
0.774650
0.824356
0.724430
0.517722
0.430335
0.635083
0.373680
0.827355
0.576871
0.339866
0.624201
0.529111
0.568843
0.321008
0.569259
0.858592
0.588950
0.694025
0.642371
0.708287
0.589730
0.526806
0.558622
0.363121
0.726127
0.585035
0.554348
0.722799
0.744392
0.389054
0.674932
0.742120
0.558217
0.630723
0.555761
0.762876
0.476527
0.822313
0.807210
0.485753
0.646998
0.616794
0.555870
0.420054
0.770948
0.597713
0.761774
0.611288
0.468915
0.728202
0.342450
0.783293
0.412736
0.534349
0.743087
0.488644
0.795194
0.702819
0.372393
0.440476
0.609980
0.663346
0.706908
0.664881
0.589718
0.789681
0.648540
0.856329
0.623295
0.732708
0.642302
0.616773
0.732792
0.627415
0.751094
0.814549
0.462962
0.516707
0.492345
0.535405
0.461519
0.585757
0.730582
0.619967
0.853269
0.662851
0.815059
0.496632
0.407180
0.474534
0.544265
0.764852
0.587464
0.778579
0.444368
0.673340
0.650639
0.602825
0.773274
0.598097
0.519407
0.592762
0.361413
0.503220
0.339630
0.562351
0.596609
0.535429
0.535575
0.671723
0.648574
0.650567
0.643567
0.735457
0.733902
0.629627
0.501733
0.478050
0.708474
0.575351
0.839937
0.553306
0.371850
0.585153
0.592913
0.386466
0.627733
0.649934
0.650784
0.702890
0.584036
0.339224
0.479487
0.549426
0.481978
0.779800
0.652147
0.714638
0.762636
0.633000
0.348174
0.550012
0.610228
0.522054
0.644732
0.477898
0.533933
0.550358
0.330950
0.758346
0.595922
0.500841
0.680183
0.439217
0.543847
0.426354
0.770555
0.714846
0.771574
0.702027
0.555701
0.531879
0.655939
0.618854
0.528122
0.682329
0.545415
0.417706
0.638074
0.747977
0.777216
0.725159
0.722146
0.402787
0.319645
0.526191
0.523098
0.695803
0.428582
0.852231
0.589118
0.529237
0.806090
0.547847
0.471689
0.724963
0.681458
0.487104
0.575102
0.658025
0.550920
0.559317
0.346335
0.481030
0.796550
0.566311
0.607482
0.614471
0.497932
0.748325
0.675256
0.511479
0.453966
0.711937
0.714092
0.570085
0.646737
0.581388
0.537605
0.788345
0.563120
0.482457
0.751045
0.654177
0.803989
