1 5
4 5
1024 5
174626 5
3963 5
5 97265
1660 5
29503 5
22565 5
5 95278
387493 5
275337 5
31921 5
24965 5
14771 5
36131 5
27875 5
5 56118
200144 5
382899 5
11180 5
3094 5
14932 5
5 72993
5 67146
47734 5
412 5
302034 5
360434 5
12430 5
16672 5
5 81523
233272 5
5 87127
192477 5
152 5
10550 5
13972 5
227789 5
18 1987
166 1987
12817 1987
1987 43719
1987 9672
1987 97428
1987 4752
1987 312
1987 360561
1987 97811
13332 1987
156289 1987
18631 1987
120008 1987
1987 7396
1987 329349
1987 221256
1987 61270
1987 96321
1987 2763
1987 89706
1987 27252
101782 1987
1987 22673
104160 1987
152657 1987
205 34628
1546 205
205 93253
131248 205
205 360561
170031 205
128548 205
205 93524
205 205575
137981 205
167977 205
205 243558
205 7510
138824 205
19398 205
205 9687
167733 205
124677 205
110302 205
205 5385
177940 205
205 264744
205 269
136784 205
152583 205
15103 205
1 305
1 323734
1 48710
1 312
1 5249
1 99591
1 172563
1 364502
1 191715
1 29635
1 1481
1 36633
1 132306
1 48993
1 989
1 60133
1 6055
1 85953
1 30723
1 27508
1 85228
1 43239
1 106460
1 88756
1 39814
1 131128
1 142089
1 93719
1 94677
1100 137
13384 137
137 46365
137 14439
1193 137
137 276364
110310 137
137 92966
137 43087
137 185576
137 273706
137 227743
137 53553
137 39008
137 7019
137 20456
137 241831
137 97363
118877 137
137 2421
137 29066
137 157481
100596 137
1273 749
1273 41820
1273 152124
1273 47030
1273 141913
1273 54280
1273 385788
1273 79615
1273 34765
1273 309783
113799 1273
1273 170173
1273 434620
1273 75662
1273 139461
12228 1273
1273 62545
1273 319764
1273 181120
1273 40954
1273 13986
121477 1273
1273 148620
1308 758
29074 758
19910 758
7021 758
758 90402
439576 758
145179 758
1131 758
148057 758
112784 758
123560 758
758 91215
1337 758
177352 758
24684 758
758 97032
758 80184
150565 758
21367 758
10657 758
3 348
348 639
2425 348
348 41853
348 49144
348 9309
348 5366
22361 348
348 56044
348 48425
21121 348
348 410872
348 8008
192340 348
31975 348
1061 2655
1061 9133
1061 130220
1061 97417
1061 63150
1061 98147
1061 163810
1061 251974
1061 94087
1061 11656
1061 72444
1061 117847
1061 176713
1061 19637
1061 7300
1061 98928
1061 138264
1061 129972
1061 42010
1061 3280
1061 141347
1061 2456
30 9
455 9
24476 9
184942 9
106728 9
283858 9
83687 9
128830 9
129849 9
164861 9
169310 9
226307 9
6227 9
53565 9
30955 9
1343 9
239245 9
6564 9
135569 9
133 26
133 28768
133 139565
133 393
133 204246
133 77143
133 89618
133 3589
133 7981
133 186609
133 23014
133 1667
133 6221
133 5852
102651 133
1057 133
1224 133
133 34205
133 9393
3 4601
3 68047
23287 3
3 496
19633 3
3 39773
3 6998
22974 3
3 7887
3 71457
3 44385
3 90402
3 356213
195218 3
3 81543
3 312244
114188 3
3 4801
3 363796
3 4460
145 749
39475 749
130220 749
110310 749
172563 749
749 96791
749 81925
1555 749
16962 749
165084 749
1776 749
179239 749
1043 749
12371 749
32773 749
54211 749
179730 749
392729 749
38 458
2024 458
13730 458
1948 458
23515 458
458 73719
19688 458
109884 458
458 62057
33528 458
2129 458
28815 458
458 56097
115 458
458 63039
166 290
1411 290
290 43719
18752 290
27276 290
140383 290
26567 290
2 290
108479 290
290 73
27654 290
290 67049
290 48492
290 57290
2104 290
289911 290
10781 290
219 3956
1326 219
19755 219
219 32780
219 292105
1456 219
219 6348
219 5096
219 40430
219 67919
219 302750
105293 219
108124 219
18586 219
219 3369
11876 219
117188 219
18978 212
212 256411
125362 212
212 52431
212 390834
212 55971
212 5790
176512 212
212 56211
1093 212
212 90651
212 85552
212 380290
212 21894
212 70943
13384 300
2020 300
148212 300
1339 300
300 97417
13317 300
300 356213
300 38489
28188 300
300 98812
300 7610
300 8136
12399 300
300 95484
300 59819
222180 300
300 9160
47793 76
19577 76
288730 76
7318 76
76 7786
76 80566
11309 76
1920 76
76 85476
19625 76
1380 76
1062 76
65756 76
7 983
4670 7
6223 7
4769 7
154556 7
335 7
1460 7
55061 7
35219 7
178106 7
167991 7
112763 7
334434 7
100533 7
364792 7
321897 7
43 66631
15360 43
3986 43
304 43
43 4767
43 99591
41829 43
43 77674
25592 43
131399 43
411240 43
2713 43
219539 43
257201 43
3961 43
251963 43
194439 43
43 58487
26 846
1313 26
26 6239
26 306991
15640 26
26 27768
26 34729
26 6991
26 40755
26 94778
2011 26
26 76231
26 28781
150943 26
1958 372
1451 372
1136 372
1931 372
354 372
1928 372
121080 372
372 435
186982 372
372 85136
1011 372
372 404259
1046 372
372 8340
1882 372
1266 220
1266 188
1266 73444
1266 180144
1266 70407
1266 1831
1266 18443
1266 162778
1266 18334
1266 34828
1266 6120
1266 48502
1266 75095
146 291
146 68047
146 263470
146 154556
146 68037
146 70006
146 301861
146 9643
146 169602
146 276025
146 4244
146 209572
1069 146
144971 146
326 5768
326 5115
151059 326
188593 326
110559 326
186449 326
106209 326
200557 326
326 71087
326 58903
326 405
181051 326
145 31
13561 31
31 40061
136084 31
31 9243
31 6530
193963 31
262571 31
31 9150
31 74590
31 38656
31 370121
23274 997
16781 997
47030 997
41829 997
4715 997
118391 997
117570 997
1315 997
5914 997
17817 997
46646 997
4785 997
157 3265
102101 157
157 357274
11132 157
157 23366
157 180636
131298 157
1127 157
157 21189
157 62747
301 315
315 406758
14919 315
29092 315
315 91292
315 376431
2117 315
321 92198
1970 321
139565 321
131248 321
159653 321
240446 321
2135 321
218684 321
159906 321
151419 321
1316 50
50 99871
361 50
17243 50
262516 50
50 9463
17796 50
39757 50
108783 50
50 59683
50 79436
207883 50
34684 994
31977 994
129076 994
5079 994
3890 994
6257 994
13052 994
14398 994
1518 18
18 76059
18 29643
18 9738
18 231350
128786 18
151268 18
18 20459
17262 18
14 166
14 156150
14 265009
108480 14
112171 14
14 15987
14 319910
14 257766
161032 33
33 6306
133629 33
33 394332
33 51117
33 5047
25253 33
25619 33
2756 291
1004 291
12902 291
23667 291
234346 291
167305 291
291 72720
1098 6016
1098 29503
1098 165418
1098 94720
1098 6819
1098 26278
1098 210699
367 622
622 7347
6211 622
1326 622
56484 622
45138 622
1978 622
18006 622
622 6252
11920 66631
11920 76059
11920 155104
11920 193029
433 85
157038 85
374188 85
1471 85
29558 85
158314 85
37851 85
298580 85
252 289
252 37783
252 7347
1339 252
252 88170
252 53076
252 5066
252 894
252 25531
1472 4
1454 4
36826 4
335 4
135 4
31484 4
171057 4
4 5712
113830 4
142 2714
142 31484
142 143971
142 18760
142 176028
142 8332
142 59753
1360 263470
1360 2525
1360 6827
1360 6343
1360 6327
1101 1360
13377 1360
1360 6101
1342 329
1342 9729
1342 24798
1342 1723
1342 922
12052 1342
1342 15866
1342 5603
1472 2324
1472 263470
1189 1472
1472 5338
1472 270257
1472 3038
1472 2705
1472 6270
1472 6255
145 7446
145 7009
145 47113
145 7509
145 290531
145 51835
47115 900
251458 900
900 9674
195641 900
21787 900
49764 900
26977 900
1103 501
1032 1103
1103 406
1103 46346
1103 316747
107037 1103
1103 26056
1103 118217
1078 88
737 88
18847 88
73905 88
38 5906
5906 7014
5906 6336
3225 993
47565 993
29967 993
17897 993
53632 993
314134 993
80413 993
18671 49
39298 49
31985 49
19001 49
36832 49
49 76424
32744 49
298 430
1940 298
145177 298
298 543
123979 298
239598 298
178367 298
1320 18794
1320 4752
1320 75494
11587 1320
1320 31115
1320 1348
187 26098
1411 187
187 39773
187 64
187 2685
187 242131
187 98521
187 8553
100942 1458
1458 323734
1458 213454
121954 1458
1458 155549
1458 34759
1458 23380
1041 35984
1041 41870
1041 65618
100617 1041
1041 317217
1041 3675
12817 388
388 91646
108133 388
13575 388
25247 388
121251 388
35511 9657
124973 9657
279773 9657
13491 9657
95557 9657
64021 9657
1356 65485
12400 1356
1356 190615
1356 209650
1356 85793
1356 4156
1100 1189
1100 1558
1100 32392
1100 29781
1100 19755
1100 54491
1100 4554
367 430
430 6337
141913 430
195641 430
430 6246
430 77959
170626 430
38 392
10782 38
38 6292
18987 38
1052 38
3272 38
25963 316
18987 316
179630 316
166270 316
17784 316
229542 316
2476 3603
33467 3603
3603 63117
2499 3603
2419 43237
2419 78547
2419 53205
2419 58621
2419 49794
168729 2419
1387 6118
2510 6118
6118 91766
14797 6118
6118 64215
15723 501
18803 501
2777 501
171057 501
14536 501
204 68047
204 75595
120042 204
204 44249
144753 204
176531 204
6330 79
166 79
7037 79
1959 79
58894 79
174821 79
357274 79
136 15375
136 27553
136 84158
1014 136
136 3337
330 97268
176 330
330 9810
13968 330
330 8139
22454 767
19377 767
149188 767
23439 767
31177 755
1067 755
47935 755
37311 755
1691 755
384 56215
36009 384
384 5067
27579 384
31053 384
368 433
368 6198
368 97265
368 999
143375 368
1443 368
15236 160
160 742
160 72120
152812 160
160 97609
1572 289
13384 289
289 6240
289 9450
114415 289
5915 62
5915 8331
5915 6347
5915 9658
11326 5915
1958 37781
1958 22565
1958 48121
1958 51922
121749 1958
1836 9805
1836 8433
1836 210043
137481 1836
401162 846
339849 846
2050 846
133103 846
399 717
1259 717
28331 717
29 717
23280 717
5381 717
2013 273814
2013 29
2013 33668
2089 986
41611 986
6281 986
9738 986
111700 986
68063 986
2020 4598
3554 4598
4598 73619
135349 4598
18608 47793
132303 47793
313 323229
109 313
313 40507
313 94534
14467 30
30 60636
30 6107
401 9625
270257 401
27756 401
15976 401
25978 401
3225 3356
167730 3225
108290 3225
227027 3225
201840 6330
13383 6330
136783 6330
162529 6330
6330 9615
1024 9640
1024 28839
1024 15897
1024 1473
19 322
18978 322
322 54588
152636 322
322 7469
509 7884
117050 509
509 8646
1179 2444
1179 188255
1179 208230
1179 92933
18402 296
1114 296
296 5025
25052 296
15580 296
21540 9669
205723 9669
96326 9669
28769 9669
8341 919
131133 919
18190 919
437979 919
632 990
43343 990
5941 990
305 97759
254558 305
305 45329
26059 97
151794 97
862 97
97 99392
166 373
166 9659
15377 22969
22969 5321
147568 22969
1192 22969
1015 1187
1015 166376
1015 2298
1015 11000
307 55970
278014 307
307 340547
20455 307
1451 360
1451 243710
1451 33235
1451 5736
13384 70
42943 70
50603 70
26542 70
48432 70
361 4601
326641 4601
118384 4601
34405 4601
1321 9309
1321 39298
1321 55257
130632 1321
1321 8434
323 6827
1059 323
1114 323
323 41871
17617 323
1036 496
1036 5772
1036 1064
1036 128207
1880 6
14692 6
157149 6
377 41853
2144 377
377 436
155806 377
356675 377
1772 2476
2425 2476
1823 2476
2476 6356
1316 19376
1316 6764
1316 1948
1316 55282
1316 18989
151059 1883
181618 1883
1883 227092
147573 1883
202833 433
3969 433
6293 991
5249 991
151396 991
168685 991
52515 991
1940 421
129997 1940
1940 288936
1032 17897
1032 44767
1032 13965
1032 194
2009 54047
2009 215323
12394 2009
1136 496
1136 28044
1136 8235
1136 29874
1763 37783
10537 1763
1763 41340
1763 3951
141 18402
132 141
141 52444
141 31138
141 3962
1227 1269
1227 1270
1227 3114
1227 7609
263470 380
2480 380
380 46
380 80842
107709 380
1269 603
1269 1413
1269 149409
104381 210
15390 210
138775 210
210 5902
1311 210
46427 627
627 82668
627 7858
301 871
301 43046
1051 301
481 720
44385 720
103213 720
196908 720
359904 700
700 7711
28193 700
37640 700
329 737
159621 329
18613 329
13561 492
108043 492
18746 492
43243 492
1758 6799
15982 1758
1758 31203
1758 5953
13383 1772
1772 48168
1772 256347
1772 180994
1235 918
1235 23298
1235 1323
1235 4756
1298 1359
1298 601
1298 1369
147 173
1118 147
147 6555
147 24388
104381 220
197009 220
177687 220
6771 6793
2491 6771
6771 6821
73444 805
148212 805
50801 805
1445 2655
2170 2655
1484 2655
16781 25
124592 25
106465 25
713 738
1844 713
6102 713
25209 713
19382 5979
5839 5979
35336 5979
44469 5979
1823 1880
1880 198808
1880 320609
1477 408
302 408
28037 408
1060 90404
1060 200337
1060 235218
129076 669
669 6720
162 19771
162 165995
107016 162
1347 359
1620 359
1254 3033
1254 127446
123416 1254
11869 1441
170 179238
170 6385
170 26265
1804 51431
1804 9971
1804 7651
1804 94977
1133 50174
1133 97477
1133 191509
49080 8275
142112 8275
171822 8275
1030 153193
1030 53129
1030 195406
43452 78
14710 78
1420 78
144 553
190015 553
553 76233
1140 2405
2405 39826
2405 52449
1249 40520
1249 135559
1249 16667
1454 15360
1454 6256
1454 9633
26293 6797
6201 6797
26268 6797
39036 9629
39036 89688
37378 39036
109430 3446
164134 3446
107054 3446
6016 9795
46373 6016
639 7893
129342 639
23281 639
2144 40518
40518 4284
40518 7544
39 7037
11755 7037
1674 7037
1870 19376
19376 25459
15236 1845
15236 6525
139 32080
139 84883
19764 61
1042 61
1435 61
124202 61
637 995
30753 995
16919 995
392 71457
392 6307
2073 392
34628 70795
27380 85982
27380 7009
261711 27380
6281 7884
7773 7884
68134 7884
1247 297
1247 51469
1247 24948
131129 4303
4303 6804
19666 4303
1870 27601
1870 67401
35966 738
1756 2665
1756 33075
1931 43073
1099 1931
332 41820
41820 5721
2024 42950
2024 46854
1229 54047
1229 20771
1229 8632
1945 92198
40047 92198
26098 28389
28389 53136
28389 6559
2146 9629
6294 9629
2324 5902
2324 5946
111558 2324
2292 2425
2425 9729
2691 93253
2691 88215
1572 29074
1572 176034
118399 1572
3021 68047
1387 14920
1387 2507
1485 41853
455 88170
151739 455
109028 455
13574 44
3870 44
51431 8581
399 8138
5734 8138
8138 8307
2525 25938
2525 9434
2420 26098
19764 28768
1042 28768
1131 6827
4592 6827
16133 22581
20648 22581
1983 2156
1983 9933
1983 63831
1059 45000
1059 3038
1059 206979
42608 62
62 66242
1140 29967
1140 2492
360 6032
360 8226
1226 297
18847 1996
16860 1996
1996 77298
1185 136783
1185 123982
1185 137380
15723 354
1034 354
2430 354
354 51528
1446 23287
1414 23287
1308 56983
1308 21683
1083 2089
2089 596
11328 1313
11328 32112
11328 1436
1442 1455
113043 1442
11120 5511
11120 2468
188 4612
188 85311
188 98089
22615 367
1314 399
1702 19764
28782 52233
23296 52233
918 918
162592 918
4399 918
207629 324
197744 324
359904 40223
4767 6548
2443 6548
29077 6548
496 6177
1025 20601
43037 5972
39593 5972
148267 2432
126477 2432
1173 15944
13966 15944
21466 22574
22574 30779
2060 26599
2060 294
4251 71182
4251 5016
1144 9716
1144 354356
20911 731
17127 731
28044 6293
46102 6293
158 22560
19044 5904
19044 9537
39937 6502
28988 4717
1457 4717
1823 6109
18294 28044
707 715
205237 715
189324 90420
31239 90420
38326 461
122898 461
1607 643
2650 643
21259 33595
14738 21259
110150 38479
163454 6198
3121 6198
6333 6357
49261 6357
122983 907
8343 907
10422 5689
47530 5689
1769 22596
1769 20787
174 89031
174 2692
124203 18632
18632 89619
2479 98
217348 98
3967 55064
3967 556
11622 42076
11622 5865
4627 49393
11555 5982
5982 7635
2413 28770
114724 2413
20683 25157
25157 2582
26593 97625
110011 97625
1075 2105
2105 25172
3012 87187
1058 3012
130443 2459
13560 2459
187555 53033
187555 53018
28838 76994
38998 78546
38998 6816
1480 3068
1480 161316
21855 370
21855 23310
10584 1232
1232 77287
18144 4298
333 4298
22967 41612
22967 52445
22583 309
247829 309
3535 4297
3535 75090
45686 7003
4260 7003
236 34738
34738 95
154065 185
185 186753
147825 292
19180 292
33681 33685
33685 64022
169210 418
127037 418
26490 6282
26490 6722
28777 9449
103420 21751
1108 21751
1240 200029
39940 719
18618 719
3434 45194
18422 3434
1459 178146
1459 63337
168464 2341
2341 8593
10582 22567
10582 25215
2100 32405
106665 2100
1995 55337
177196 1995
15689 816
8023 816
1078 44885
11111 37263
11111 5511
11111 129905
1314 73444
1001 1112
1112 39061
1313 15251
406 50603
406 88641
1346 27780
1346 474
2108 6799
2086 2108
2108 41515
1189 1802
14926 40520
15950 19382
172 987
9122 987
1455 169751
64125 871
28799 871
6224 66631
1087 1161
1087 16634
109430 21270
1056 37783
1309 15360
1456 983
291392 983
8638 9623
1029 8638
486 9623
11264 7056
1161 336
13561 37781
2144 2201
1662 34684
388593 603
2772 712
150 2772
1415 9805
2191 3986
3986 81546
1034 1042
4114 4670
16900 4670
123407 26293
37789 45000
45000 53632
1363 75203
40061 5924
194649 5924
1039 1055
4799 5700
11964 46365
1411 45711
1001 1026
2156 5025
12837 28782
5936 9625
1176 3963
1176 3410
2435 5373
2435 8354
43237 43326
13574 6404
25359 6404
6793 6813
1040 1114
266 5768
131129 16626
1492 6223
15982 8313
14410 1844
14439 3875
21540 7883
39475 62003
3956 866
2457 55970
1960 99871
1141 99871
1445 1917
4995 5931
104381 1944
16133 650
1162 2444
5895 8351
5895 9463
13527 632
7773 9452
7061 9452
176505 19
173 626
356 49144
356 384374
15723 48710
15377 35889
21209 712
19694 32317
38914 6032
108043 163
163 39903
78547 7886
135416 75584
16668 6211
16668 3417
7330 7343
5851 7343
1359 9508
11319 12817
27276 4355
4355 4755
4216 637
1928 375
1193 7355
37263 59742
41871 864
29793 864
1368 3429
13650 1368
1086 1546
12847 43719
15390 361
46346 46374
100942 29865
5405 85982
144 3952
112919 42365
112919 2
338 5079
338 4819
1332 5919
1332 310
18522 34750
110172 4114
1402 266
22564 5115
1270 1410
1435 66368
25963 7379
23274 379
22884 7347
102806 1911
1872 1911
1558 7330
18752 18756
22749 47111
1163 121080
3098 490
3096 3098
1219 7014
175748 55338
175748 2146
11105 323229
1959 3351
27780 9744
25973 5338
25973 93906
31753 332
172 625
18794 32739
1118 45688
1335 9672
140383 2170
75584 8029
1142 30753
1960 24485
2665 358
123699 9133
232242 42365
156150 38533
58894 9102
180144 94811
207629 559
131350 559
39771 66368
250333 250333
1259 21169
19375 19633
201840 29428
119743 53205
12524 70407
895 97428
15660 23918
23918 27459
153153 486
41611 9574
28020 601
1142 5366
1142 5909
44885 63327
18415 499
19910 30659
103952 1083
27765 55338
121659 1970
10782 1169
1147 1169
2099 304
47565 70044
1314 2714
13652 6859
2292 3429
190 361429
143832 39
1669 5919
1669 1992
1137 32112
1054 29643
1054 40563
5373 895
17775 46427
32392 4691
135 3338
1141 8351
1945 29393
19577 490
18671 2096
3114 94792
18849 2480
31977 8
23298 306
29781 45
1365 7446
10537 19413
126171 1671
33782 4769
166298 181189
2531 8235
39849 5809
26567 321198
168203 298758
5894 9509
1123 35628
4256 5585
124215 76856
22585 59230
21965 9547
117779 426
102752 1196
15435 20462
23205 4247
1111 65351
6808 81472
16669 2302
27281 3977
13596 28202
1088 6116
234 262432
1040 17235
623 996
196142 6702
40196 55691
106370 114254
1437 173497
34425 36172
15818 308
15036 4218
186997 9604
19424 33678
26880 4674
1325 1921
6980 817
208996 3383
11981 1425
92901 92945
37911 6883
33919 764
17093 7447
5932 6175
43484 6201
1013 6578
182712 40927
1089 80835
1300 2463
2513 6300
14394 21802
1159 12860
2007 6230
17242 27435
1937 1955
26960 6126
14749 22450
18581 2489
151746 759
1085 5370
159062 159062
12253 6389
11927 37372
101510 16312
27996 55730
3375 38053
107123 4783
150293 36879
1104 17727
38972 43883
122901 17302
2452 87642
19752 9622
2002 29407
162948 28616
28502 50250
1992 9695
9531 9610
85358 95792
1070 136419
1065 6523
1998 6309
10587 59177
54475 55975
251827 64939
5802 5862
137982 5222
15734 16238
15048 70352
17457 74112
47 98270
161347 7353
17851 6526
1679 87109
15595 3433
16684 6279
1986 9389
15703 602
1354 22875
1027 11784
165 195450
1002 90720
1979 584
12232 2056
131931 223091
1840 60256
5554 5583
28 56000
1470 4667
120505 92915
103350 29098
54233 54241
15379 18850
1195 46031
1010 2102
1048 71178
39751 8472
1299 35220
19656 2664
2227 6652
1303 4220
88546 93639
17496 5831
5980 6091
113687 1482
128533 374
1171 3792
13739 35234
109689 5358
13334 444621
2760 43361
121422 9424
1933 2380
2004 79397
159552 6866
24 71464
1377 1377
30078 96594
108 88604
117609 38991
1105 1521
12037 81346
1191 15940
193271 83015
125189 174233
12792 2115
30917 60954
53654 53756
752 94029
2306 7028
1306 37
1170 29086
9439 998
7890 9114
42468 90153
47921 92923
299 5799
26272 26285
13469 90
6092 6796
287497 898
1076 23
6185 6191
103 111
1119 40466
12097 39301
34744 66046
1370 5807
1341 71255
1092 117211
15714 76339
1310 1924
115826 27245
25614 5071
1151 25431
19186 22202
16413 52652
1005 17419
1982 54671
74099 99846
925 9636
195829 90098
27501 9902
12873 84185
1334 5958
1493 16771
238183 312298
13647 5987
28773 29231
11769 6982
5069 6595
4668 804
149602 46856
195322 48333
117985 66632
9368 9370
137428 64468
182709 198468
66824 9437
13877 47027
19623 245827
38910 5343
18270 1967
11538 1322
20685 6573
2716 6925
1535 8350
28624 41068
104634 30390
55646 64024
25052 62360
27023 27367
26636 68252
5699 7903
224224 6370
1153 172732
15574 29898
27967 66168
110911 71021
173148 5306
1201 15149
23347 33012
13005 42786
40082 6338
24813 884
16132 22501
38082 60476
1626 668
25248 905
293381 5252
19383 6718
29912 46888
151549 20592
20662 21801
191505 6524
526 94843
43562 43579
21736 76243
17761 73062
319 8566
136122 15146
41647 5975
22570 4421
23736 27825
7015 73237
12917 93915
1094 1349
3192 48141
116855 24417
123454 2364
63649 63659
1188 2032
27842 5978
13858 18414
1253 12842
1180 28568
109560 109565
3646 54316
213849 28840
402921 88238
1157 47309
29027 70099
12362 26605
314599 82985
13760 34350
1790 199475
1336 26848
6219 7710
43331 52760
1023 13565
32487 41971
1330 5347
2438 2469
193331 5519
1022 134605
1961 2632
2778 7561
3032 5410
36826 39755
1068 6224
1831 1947
11755 240533
2106 3278
11718 7021
379 7887
1003 13317
28331 53626
23290 39773
54479 6998
127 8
101083 1944
1353 6356
3890 5366
398101 999
27768 6240
1460 421
1277 2756
1003 1522
1453 393
174821 206674
1436 16900
17243 1946
1277 6292
195141 373
6343 9450
155104 42955
85385 95278
127 5321
18746 6390
